DB 0, 0, 0, 0, 0, 0, 0, 0, 0, 0, 0, 0, 0, 0, 0, 0, 0, 0, 0, 0
DB 0, 0, 0, 0, 0, 0, 0, 0, 0, 0, 0, 0, 0, 0, 0, 0, 0, 0, 0, 0
DB 0, 0, 0, 0, 0, 0, 0, 0, 0, 0, 0, 0, 0, 0, 0, 0, 0, 0, 0, 0
DB 0, 0, 0, 0, 0, 0, 0, 0, 0, 0, 0, 0, 0, 0, 0, 0, 0, 0, 0, 0
DB 0, 0, 0, 0, 0, 0, 0, 0, 0, 0, 0, 0, 0, 0, 0, 0, 0, 0, 0, 0
DB 0, 0, 0, 0, 0, 0, 0, 0, 0, 0, 0, 0, 0, 0, 0, 0, 0, 0, 0, 0
DB 0, 0, 0, 0, 0, 0, 0, 0, 0, 0, 0, 0, 0, 0, 0, 0, 0, 0, 0, 0
DB 0, 0, 0, 0, 0, 0, 0, 0, 0, 0, 0, 0, 0, 0, 0, 0, 0, 0, 0, 0
DB 0, 0, 0, 0, 0, 0, 0, 0, 0, 0, 0, 0, 0, 0, 0, 0, 0, 0, 0, 0
DB 0, 0, 0, 0, 0, 0, 0, 0, 0, 0, 0, 0, 0, 0, 0, 0, 0, 0, 0, 0
DB 0, 0, 0, 0, 0, 0, 0, 0, 0, 0, 0, 0, 0, 0, 0, 0, 0, 0, 0, 0
DB 0, 0, 0, 0, 0, 0, 0, 0, 0, 0, 0, 0, 0, 0, 0, 0, 0, 0, 0, 0
DB 0, 0, 0, 0, 0, 0, 0, 0, 0, 0, 0, 0, 0, 0, 0, 0, 0, 0, 0, 0
DB 0, 0, 0, 0, 0, 0, 0, 0, 0, 0, 0, 0, 0, 0, 0, 0, 0, 0, 0, 0
DB 0, 0, 0, 0, 0, 0, 0, 0, 0, 0, 0, 0, 0, 0, 0, 0, 0, 0, 0, 0
DB 0, 0, 0, 0, 0, 0, 0, 0, 0, 0, 0, 0, 0, 0, 0, 0, 0, 0, 0, 0
DB 0, 0, 0, 0, 0, 0, 0, 0, 0, 0, 0, 0, 0, 0, 0, 0, 0, 0, 0, 0
DB 0, 0, 0, 0, 0, 0, 0, 0, 0, 0, 0, 0, 0, 0, 0, 0, 0, 0, 0, 0
DB 0, 0, 0, 0, 0, 0, 0, 0, 0, 0, 0, 0, 0, 0, 0, 0, 0, 0, 0, 0
DB 0, 0, 0, 0, 0, 0, 0, 0, 0, 0, 0, 0, 0, 0, 0, 0, 0, 0, 0, 0
DB 0, 0, 0, 0, 0, 0, 0, 0, 0, 0, 0, 0, 0, 0, 0, 0, 0, 0, 0, 0
DB 0, 0, 0, 0, 0, 0, 0, 0, 0, 0, 0, 0, 0, 0, 0, 0, 0, 0, 0, 0
DB 0, 0, 0, 0, 0, 0, 0, 0, 0, 0, 0, 0, 0, 0, 0, 0, 0, 0, 0, 0
DB 0, 0, 0, 0, 0, 0, 0, 0, 0, 0, 0, 0, 0, 17, 17, 0, 0, 0, 0, 0
DB 0, 0, 0, 0, 0, 0, 0, 0, 0, 0, 0, 0, 0, 0, 0, 0, 0, 0, 0, 0
DB 0, 0, 0, 0, 0, 0, 0, 0, 0, 0, 0, 0, 0, 0, 0, 0, 0, 0, 0, 0
DB 0, 0, 0, 0, 0, 0, 0, 0, 0, 0, 0, 0, 0, 0, 0, 0, 0, 0, 0, 0
DB 0, 0, 0, 0, 0, 0, 0, 0, 0, 0, 0, 0, 0, 0, 0, 0, 0, 0, 0, 0
DB 0, 0, 0, 0, 0, 0, 0, 0, 0, 0, 0, 0, 0, 0, 0, 0, 0, 0, 0, 0
DB 0, 0, 0, 0, 0, 0, 0, 0, 0, 0, 0, 0, 0, 0, 0, 0, 0, 0, 0, 0
DB 0, 0, 0, 0, 0, 0, 0, 18, 24, 22, 22, 0, 0, 0, 0, 0, 0, 0, 0, 0
DB 0, 0, 0, 0, 0, 0, 0, 0, 0, 0, 0, 0, 0, 0, 0, 0, 0, 0, 0, 0
DB 0, 0, 0, 0, 0, 0, 0, 0, 0, 0, 0, 0, 0, 0, 0, 0, 0, 0, 0, 0
DB 0, 0, 0, 0, 0, 0, 0, 0, 0, 0, 0, 0, 0, 0, 0, 0, 0, 0, 0, 0
DB 0, 0, 0, 0, 0, 0, 0, 0, 0, 0, 0, 0, 0, 0, 0, 0, 0, 0, 0, 0
DB 0, 0, 0, 0, 0, 0, 0, 0, 0, 0, 0, 0, 0, 0, 0, 0, 0, 0, 0, 0
DB 0, 0, 0, 0, 0, 0, 0, 0, 0, 0, 0, 0, 0, 0, 0, 0, 0, 0, 0, 0
DB 0, 18, 19, 24, 22, 8, 18, 0, 0, 0, 0, 0, 0, 0, 0, 0, 0, 0, 0, 0
DB 0, 0, 0, 0, 0, 0, 0, 0, 0, 0, 0, 0, 0, 0, 0, 0, 0, 0, 0, 0
DB 0, 0, 0, 0, 0, 0, 0, 0, 0, 0, 0, 0, 0, 0, 0, 0, 0, 0, 0, 0
DB 0, 0, 0, 0, 0, 0, 0, 0, 0, 0, 0, 0, 0, 0, 0, 0, 0, 0, 0, 0
DB 0, 0, 0, 0, 0, 0, 0, 0, 0, 0, 0, 0, 0, 0, 0, 0, 0, 0, 0, 0
DB 0, 0, 0, 0, 0, 0, 0, 0, 0, 0, 0, 0, 0, 0, 0, 0, 0, 0, 0, 0
DB 0, 0, 0, 0, 0, 0, 0, 0, 0, 0, 0, 0, 0, 0, 0, 0, 18, 24, 24, 23
DB 22, 18, 0, 0, 0, 0, 0, 0, 0, 0, 0, 0, 0, 0, 0, 0, 0, 0, 0, 0
DB 0, 0, 0, 0, 0, 0, 0, 0, 0, 0, 0, 0, 0, 0, 0, 0, 0, 0, 0, 0
DB 0, 0, 0, 0, 0, 0, 0, 0, 0, 0, 0, 0, 0, 0, 0, 0, 0, 0, 0, 0
DB 0, 0, 0, 0, 0, 0, 0, 0, 0, 0, 0, 0, 0, 0, 0, 0, 0, 0, 0, 0
DB 0, 0, 0, 0, 0, 0, 0, 0, 0, 0, 0, 0, 0, 0, 0, 0, 0, 0, 0, 0
DB 0, 0, 0, 0, 0, 0, 0, 0, 0, 0, 0, 0, 0, 0, 0, 0, 0, 0, 0, 0
DB 0, 0, 0, 0, 0, 0, 0, 0, 0, 0, 18, 25, 25, 25, 24, 24, 23, 18, 17, 0
DB 0, 0, 0, 0, 0, 0, 0, 0, 0, 0, 0, 0, 0, 0, 0, 0, 0, 0, 0, 0
DB 0, 0, 0, 0, 0, 0, 0, 0, 0, 0, 0, 0, 0, 0, 0, 0, 0, 0, 0, 0
DB 0, 0, 0, 0, 0, 0, 0, 0, 0, 0, 0, 0, 0, 0, 0, 0, 0, 0, 0, 0
DB 0, 0, 0, 0, 0, 0, 0, 0, 0, 0, 0, 0, 0, 0, 0, 0, 0, 0, 0, 0
DB 0, 0, 0, 0, 0, 0, 0, 0, 0, 0, 0, 0, 0, 0, 0, 0, 0, 0, 0, 0
DB 0, 0, 0, 0, 0, 0, 0, 0, 0, 0, 0, 0, 0, 0, 0, 0, 0, 0, 0, 0
DB 0, 0, 0, 0, 0, 18, 25, 25, 25, 24, 24, 23, 18, 17, 0, 0, 0, 0, 0, 0
DB 0, 0, 0, 0, 0, 0, 0, 0, 0, 0, 0, 0, 0, 0, 0, 0, 0, 0, 0, 0
DB 0, 0, 0, 0, 0, 0, 0, 0, 0, 0, 0, 0, 0, 0, 0, 0, 0, 0, 0, 0
DB 0, 0, 0, 0, 0, 0, 0, 0, 0, 0, 0, 0, 0, 0, 0, 0, 0, 0, 0, 0
DB 0, 0, 0, 0, 0, 0, 0, 0, 0, 0, 0, 0, 0, 0, 0, 0, 0, 0, 0, 0
DB 0, 0, 0, 0, 0, 0, 0, 0, 0, 0, 0, 0, 0, 0, 0, 0, 0, 0, 0, 0
DB 0, 0, 0, 0, 0, 0, 0, 0, 0, 0, 0, 0, 0, 0, 0, 0, 0, 0, 0, 18
DB 24, 24, 24, 24, 24, 24, 23, 22, 18, 0, 0, 0, 0, 0, 0, 0, 0, 0, 0, 0
DB 0, 0, 0, 0, 0, 0, 0, 0, 0, 0, 0, 0, 0, 0, 0, 0, 0, 0, 0, 0
DB 0, 0, 0, 0, 0, 0, 0, 0, 0, 0, 0, 0, 0, 0, 0, 0, 0, 0, 0, 0
DB 0, 0, 0, 0, 0, 0, 0, 0, 0, 0, 0, 0, 0, 0, 0, 0, 0, 0, 0, 0
DB 0, 0, 0, 0, 0, 0, 0, 0, 0, 0, 0, 0, 0, 0, 0, 0, 0, 0, 0, 0
DB 0, 0, 0, 0, 0, 0, 0, 0, 0, 0, 0, 0, 0, 0, 0, 0, 0, 0, 0, 0
DB 0, 0, 0, 0, 0, 0, 0, 0, 0, 0, 0, 0, 0, 17, 19, 25, 23, 25, 24, 160
DB 25, 24, 22, 19, 17, 0, 0, 0, 0, 0, 0, 0, 0, 0, 0, 0, 0, 0, 0, 0
DB 0, 0, 0, 0, 0, 0, 0, 0, 0, 0, 0, 0, 0, 0, 0, 0, 0, 0, 0, 0
DB 0, 0, 0, 0, 0, 0, 0, 0, 0, 0, 0, 0, 0, 0, 0, 0, 0, 0, 0, 0
DB 0, 0, 0, 0, 0, 0, 0, 0, 0, 0, 0, 0, 0, 0, 0, 0, 0, 0, 0, 0
DB 0, 0, 0, 0, 0, 0, 0, 0, 0, 0, 0, 0, 0, 0, 0, 0, 0, 0, 0, 0
DB 0, 0, 0, 0, 0, 0, 0, 0, 0, 0, 0, 0, 0, 0, 0, 0, 0, 0, 0, 0
DB 0, 0, 0, 0, 0, 0, 0, 0, 18, 25, 25, 24, 25, 12, 12, 24, 25, 23, 8, 18
DB 0, 0, 0, 0, 0, 0, 0, 0, 0, 0, 0, 0, 0, 0, 0, 0, 0, 0, 0, 0
DB 0, 0, 0, 0, 0, 0, 0, 0, 0, 0, 0, 0, 0, 0, 0, 0, 0, 0, 0, 0
DB 0, 0, 0, 0, 0, 0, 0, 0, 0, 0, 0, 0, 0, 0, 0, 0, 0, 0, 0, 0
DB 0, 0, 0, 0, 0, 0, 0, 0, 0, 0, 0, 0, 0, 0, 0, 0, 0, 0, 0, 0
DB 0, 0, 0, 0, 0, 0, 0, 0, 0, 0, 0, 0, 0, 0, 0, 0, 0, 0, 0, 0
DB 0, 0, 0, 0, 0, 0, 0, 0, 0, 0, 0, 0, 0, 0, 0, 0, 0, 0, 0, 0
DB 0, 0, 0, 18, 7, 24, 24, 25, 64, 24, 12, 25, 24, 22, 19, 0, 0, 0, 0, 0
DB 0, 0, 0, 0, 0, 0, 0, 0, 0, 0, 0, 0, 0, 0, 0, 0, 0, 0, 0, 0
DB 0, 0, 0, 0, 0, 0, 0, 0, 0, 0, 0, 0, 0, 0, 0, 0, 0, 0, 0, 0
DB 0, 0, 0, 0, 0, 0, 0, 0, 0, 0, 0, 0, 0, 0, 0, 0, 0, 0, 0, 0
DB 0, 0, 0, 0, 0, 0, 0, 0, 0, 0, 0, 0, 0, 0, 0, 0, 0, 0, 0, 0
DB 0, 0, 0, 0, 0, 0, 0, 0, 0, 0, 0, 0, 0, 0, 0, 0, 0, 0, 0, 0
DB 0, 0, 0, 0, 0, 0, 0, 0, 0, 0, 0, 0, 0, 0, 0, 0, 0, 17, 24, 7
DB 24, 158, 12, 24, 12, 159, 25, 24, 22, 8, 17, 0, 0, 0, 0, 0, 0, 0, 0, 0
DB 0, 0, 0, 0, 0, 0, 0, 0, 0, 0, 0, 0, 0, 0, 0, 0, 0, 0, 0, 0
DB 0, 0, 0, 0, 0, 0, 0, 0, 0, 0, 0, 0, 0, 0, 0, 0, 0, 0, 0, 0
DB 0, 0, 0, 0, 0, 0, 0, 0, 0, 0, 0, 0, 0, 0, 0, 0, 0, 0, 0, 0
DB 0, 0, 0, 0, 0, 0, 0, 0, 0, 0, 0, 0, 0, 0, 0, 0, 0, 0, 0, 0
DB 0, 0, 0, 0, 0, 0, 0, 0, 0, 0, 0, 0, 0, 0, 0, 0, 0, 0, 0, 0
DB 0, 0, 0, 0, 0, 0, 0, 0, 0, 0, 0, 0, 18, 25, 25, 24, 12, 23, 12, 24
DB 12, 64, 24, 23, 8, 18, 0, 0, 0, 0, 0, 0, 0, 0, 0, 0, 0, 0, 0, 0
DB 0, 0, 0, 0, 0, 0, 0, 0, 0, 0, 0, 0, 0, 0, 0, 0, 0, 0, 0, 0
DB 0, 0, 0, 0, 0, 0, 0, 0, 0, 0, 0, 0, 0, 0, 0, 0, 0, 0, 0, 0
DB 0, 0, 0, 0, 0, 0, 0, 0, 0, 0, 0, 0, 0, 0, 0, 0, 0, 0, 0, 0
DB 0, 0, 0, 0, 0, 0, 0, 0, 0, 0, 0, 0, 0, 0, 0, 0, 0, 0, 0, 0
DB 0, 0, 0, 0, 0, 0, 0, 0, 0, 0, 0, 0, 0, 0, 0, 0, 0, 0, 0, 0
DB 0, 0, 0, 0, 0, 0, 0, 19, 25, 25, 23, 161, 12, 24, 12, 6, 24, 25, 23, 22
DB 19, 17, 0, 0, 0, 0, 0, 0, 0, 0, 0, 0, 0, 0, 0, 0, 0, 0, 0, 0
DB 0, 0, 0, 0, 0, 0, 0, 0, 0, 0, 0, 0, 0, 0, 0, 0, 0, 0, 0, 0
DB 0, 0, 0, 0, 0, 0, 0, 0, 0, 0, 0, 0, 0, 0, 0, 0, 0, 0, 0, 0
DB 0, 0, 0, 0, 0, 0, 0, 0, 0, 0, 0, 0, 0, 0, 0, 0, 0, 0, 0, 0
DB 0, 0, 0, 0, 0, 0, 0, 0, 0, 0, 0, 0, 0, 0, 0, 0, 0, 0, 0, 0
DB 0, 0, 0, 0, 0, 0, 0, 0, 0, 0, 0, 0, 0, 0, 0, 0, 0, 0, 0, 0
DB 0, 18, 24, 25, 24, 160, 12, 24, 64, 12, 134, 12, 25, 24, 22, 8, 17, 0, 0, 0
DB 0, 0, 0, 0, 0, 0, 0, 0, 0, 0, 0, 0, 0, 0, 0, 0, 0, 0, 0, 0
DB 0, 0, 0, 0, 0, 0, 0, 0, 0, 0, 0, 0, 0, 0, 0, 0, 0, 0, 0, 0
DB 0, 0, 0, 0, 0, 0, 0, 0, 0, 0, 0, 0, 0, 0, 0, 0, 0, 0, 0, 0
DB 0, 0, 0, 0, 0, 0, 0, 0, 0, 0, 0, 0, 0, 0, 0, 0, 0, 0, 0, 0
DB 0, 0, 0, 0, 0, 0, 0, 0, 0, 0, 0, 0, 0, 0, 0, 0, 0, 0, 0, 0
DB 0, 0, 0, 0, 0, 0, 0, 0, 0, 0, 0, 0, 0, 0, 0, 0, 18, 24, 25, 23
DB 160, 12, 12, 160, 12, 135, 12, 24, 24, 22, 8, 18, 0, 0, 0, 0, 0, 0, 0, 0
DB 0, 0, 0, 0, 0, 0, 0, 0, 0, 0, 0, 0, 0, 0, 0, 0, 0, 0, 0, 0
DB 0, 0, 0, 0, 0, 0, 0, 0, 0, 0, 0, 0, 0, 0, 0, 0, 0, 0, 0, 0
DB 0, 0, 0, 0, 0, 0, 0, 0, 0, 0, 0, 0, 0, 0, 0, 0, 0, 0, 0, 0
DB 0, 0, 0, 0, 0, 0, 0, 0, 0, 0, 0, 0, 0, 0, 0, 0, 0, 0, 0, 0
DB 0, 0, 0, 0, 0, 0, 0, 0, 0, 0, 0, 0, 0, 0, 0, 0, 0, 0, 0, 0
DB 0, 0, 0, 0, 0, 0, 0, 0, 0, 0, 17, 19, 25, 25, 23, 160, 12, 24, 12, 159
DB 12, 136, 12, 24, 23, 22, 19, 17, 0, 0, 0, 0, 0, 0, 0, 0, 0, 0, 0, 0
DB 0, 0, 0, 0, 0, 0, 0, 0, 0, 0, 0, 0, 0, 0, 0, 0, 0, 0, 0, 0
DB 0, 0, 0, 0, 0, 0, 0, 0, 0, 0, 0, 0, 0, 0, 0, 0, 0, 0, 0, 0
DB 0, 0, 0, 0, 0, 0, 0, 0, 0, 0, 0, 0, 0, 0, 0, 0, 0, 0, 0, 0
DB 0, 0, 0, 0, 0, 0, 0, 0, 0, 0, 0, 0, 0, 0, 0, 0, 0, 0, 0, 0
DB 0, 0, 0, 0, 0, 0, 0, 0, 0, 0, 0, 0, 0, 0, 0, 0, 0, 0, 0, 0
DB 0, 0, 0, 0, 0, 18, 23, 25, 25, 22, 12, 160, 12, 135, 12, 6, 4, 24, 24, 23
DB 8, 8, 18, 0, 0, 0, 0, 0, 0, 0, 0, 0, 0, 0, 0, 0, 0, 0, 0, 0
DB 0, 0, 0, 0, 0, 0, 0, 0, 0, 0, 0, 0, 0, 0, 0, 0, 0, 0, 0, 0
DB 0, 0, 0, 0, 0, 0, 0, 0, 0, 0, 0, 0, 0, 0, 0, 0, 0, 0, 0, 0
DB 0, 0, 0, 0, 0, 0, 0, 0, 0, 0, 0, 0, 0, 0, 0, 0, 0, 0, 0, 0
DB 0, 0, 0, 0, 0, 0, 0, 0, 0, 0, 0, 0, 0, 0, 0, 0, 0, 0, 0, 0
DB 0, 0, 0, 0, 0, 0, 0, 0, 0, 0, 0, 0, 0, 0, 0, 0, 0, 0, 0, 0
DB 18, 24, 24, 24, 161, 136, 12, 159, 12, 160, 12, 135, 12, 24, 24, 22, 8, 18, 0, 0
DB 0, 0, 0, 0, 0, 0, 0, 0, 0, 0, 0, 0, 0, 0, 0, 0, 0, 0, 0, 0
DB 0, 0, 0, 0, 0, 0, 0, 0, 0, 0, 0, 0, 0, 0, 0, 0, 0, 0, 0, 0
DB 0, 0, 0, 0, 0, 0, 0, 0, 0, 0, 0, 0, 0, 0, 0, 0, 0, 0, 0, 0
DB 0, 0, 0, 0, 0, 0, 0, 0, 0, 0, 0, 0, 0, 0, 0, 0, 0, 0, 0, 0
DB 0, 0, 0, 0, 0, 0, 0, 0, 0, 0, 0, 0, 0, 0, 0, 0, 0, 0, 0, 0
DB 0, 0, 0, 0, 0, 0, 0, 0, 0, 0, 0, 0, 0, 0, 17, 19, 24, 24, 23, 157
DB 12, 160, 12, 12, 160, 12, 4, 12, 24, 24, 22, 8, 19, 17, 0, 0, 0, 0, 0, 0
DB 0, 0, 0, 0, 0, 0, 0, 0, 0, 0, 0, 0, 0, 0, 0, 0, 0, 0, 0, 0
DB 0, 0, 0, 0, 0, 0, 0, 0, 0, 0, 0, 0, 0, 0, 0, 0, 0, 0, 0, 0
DB 0, 0, 0, 0, 0, 0, 0, 0, 0, 0, 0, 0, 0, 0, 0, 0, 0, 0, 0, 0
DB 0, 0, 0, 0, 0, 0, 0, 0, 0, 0, 0, 0, 0, 0, 0, 0, 0, 0, 0, 0
DB 0, 0, 0, 0, 0, 0, 0, 0, 0, 0, 0, 0, 0, 0, 0, 0, 0, 0, 0, 0
DB 0, 0, 0, 0, 0, 0, 0, 0, 0, 17, 22, 24, 25, 23, 22, 137, 12, 135, 12, 136
DB 6, 135, 6, 24, 24, 22, 8, 8, 17, 0, 0, 0, 0, 0, 0, 0, 0, 0, 0, 0
DB 0, 0, 0, 0, 0, 0, 0, 0, 0, 0, 0, 0, 0, 0, 0, 0, 0, 0, 0, 0
DB 0, 0, 0, 0, 0, 0, 0, 0, 0, 0, 0, 0, 0, 0, 0, 0, 0, 0, 0, 0
DB 0, 0, 0, 0, 0, 0, 0, 0, 0, 0, 0, 0, 0, 0, 0, 0, 0, 0, 0, 0
DB 0, 0, 0, 0, 0, 0, 0, 0, 0, 0, 0, 0, 0, 0, 0, 0, 0, 0, 0, 0
DB 0, 0, 0, 0, 0, 0, 0, 0, 0, 0, 0, 0, 0, 0, 0, 0, 0, 0, 0, 0
DB 0, 0, 0, 0, 18, 23, 24, 24, 22, 159, 12, 160, 12, 135, 12, 135, 39, 4, 12, 24
DB 23, 8, 8, 18, 0, 0, 0, 0, 0, 0, 0, 0, 0, 0, 0, 0, 0, 0, 0, 0
DB 0, 0, 0, 0, 0, 0, 0, 0, 0, 0, 0, 0, 0, 0, 0, 0, 0, 0, 0, 0
DB 0, 0, 0, 0, 0, 0, 0, 0, 0, 0, 0, 0, 0, 0, 0, 0, 0, 0, 0, 0
DB 0, 0, 0, 0, 0, 0, 0, 0, 0, 0, 0, 0, 0, 0, 0, 0, 0, 0, 0, 0
DB 0, 0, 0, 0, 0, 0, 0, 0, 0, 0, 0, 0, 0, 0, 0, 0, 0, 0, 0, 0
DB 0, 0, 0, 0, 0, 0, 0, 0, 0, 0, 0, 0, 0, 0, 0, 0, 0, 0, 0, 18
DB 23, 24, 24, 22, 159, 12, 160, 12, 135, 12, 135, 39, 4, 12, 24, 23, 8, 8, 18, 0
DB 0, 0, 0, 0, 0, 0, 0, 0, 0, 0, 0, 0, 0, 0, 0, 0, 0, 0, 0, 0
DB 0, 0, 0, 0, 0, 0, 0, 0, 0, 0, 0, 0, 0, 0, 0, 0, 0, 0, 0, 0
DB 0, 0, 0, 0, 0, 0, 0, 0, 0, 0, 0, 0, 0, 0, 0, 0, 0, 0, 0, 0
DB 0, 0, 0, 0, 0, 0, 0, 0, 0, 0, 0, 0, 0, 0, 0, 0, 0, 0, 0, 0
DB 0, 0, 0, 0, 0, 0, 0, 0, 0, 0, 0, 0, 0, 0, 0, 0, 0, 0, 0, 0
DB 0, 0, 0, 0, 0, 0, 0, 0, 0, 0, 0, 0, 0, 0, 19, 23, 24, 24, 157, 6
DB 136, 12, 135, 6, 136, 39, 6, 136, 23, 24, 23, 22, 8, 19, 0, 0, 0, 0, 0, 0
DB 0, 0, 0, 0, 0, 0, 0, 0, 0, 0, 0, 0, 0, 0, 0, 0, 0, 0, 0, 0
DB 0, 0, 0, 0, 0, 0, 0, 0, 0, 0, 0, 0, 0, 0, 0, 0, 0, 0, 0, 0
DB 0, 0, 0, 0, 0, 0, 0, 0, 0, 0, 0, 0, 0, 0, 0, 0, 0, 0, 0, 0
DB 0, 0, 0, 0, 0, 0, 0, 0, 0, 0, 0, 0, 0, 0, 0, 0, 0, 0, 0, 0
DB 0, 0, 0, 0, 0, 0, 0, 0, 0, 0, 0, 0, 0, 0, 0, 0, 0, 0, 0, 0
DB 0, 0, 0, 0, 0, 0, 0, 0, 17, 8, 24, 24, 24, 160, 4, 12, 160, 12, 134, 39
DB 137, 4, 39, 160, 24, 23, 22, 8, 20, 0, 0, 0, 0, 0, 0, 0, 0, 0, 0, 0
DB 0, 0, 0, 0, 0, 0, 0, 0, 0, 0, 0, 0, 0, 0, 0, 0, 0, 0, 0, 0
DB 0, 0, 0, 0, 0, 0, 0, 0, 0, 0, 0, 0, 0, 0, 0, 0, 0, 0, 0, 0
DB 0, 0, 0, 0, 0, 0, 0, 0, 0, 0, 0, 0, 0, 0, 0, 0, 0, 0, 0, 0
DB 0, 0, 0, 0, 0, 0, 0, 0, 0, 0, 0, 0, 0, 0, 0, 0, 0, 0, 0, 0
DB 0, 0, 0, 0, 0, 0, 0, 0, 0, 0, 0, 0, 0, 0, 0, 0, 0, 0, 0, 0
DB 0, 0, 0, 18, 22, 24, 24, 23, 160, 136, 4, 135, 160, 161, 20, 160, 137, 6, 12, 23
DB 24, 22, 8, 8, 0, 0, 0, 0, 0, 0, 0, 0, 0, 0, 0, 0, 0, 0, 0, 0
DB 0, 0, 0, 0, 0, 0, 0, 0, 0, 0, 0, 0, 0, 0, 0, 0, 0, 0, 0, 0
DB 0, 0, 0, 0, 0, 0, 0, 0, 0, 0, 0, 0, 0, 0, 0, 0, 0, 0, 0, 0
DB 0, 0, 0, 0, 0, 0, 0, 0, 0, 0, 0, 0, 0, 0, 0, 0, 0, 0, 0, 0
DB 0, 0, 0, 0, 0, 0, 17, 18, 17, 17, 0, 0, 0, 0, 0, 0, 0, 0, 0, 0
DB 0, 0, 0, 0, 0, 0, 0, 0, 0, 0, 0, 0, 0, 0, 0, 0, 0, 17, 18, 22
DB 24, 25, 23, 137, 39, 6, 137, 20, 20, 20, 20, 20, 110, 6, 23, 23, 22, 8, 8, 17
DB 0, 0, 0, 0, 0, 0, 0, 0, 0, 0, 0, 0, 0, 0, 0, 0, 0, 0, 0, 0
DB 0, 0, 0, 0, 0, 0, 0, 0, 0, 17, 18, 17, 0, 0, 0, 0, 0, 0, 0, 0
DB 0, 0, 0, 0, 0, 0, 0, 0, 0, 0, 0, 0, 0, 0, 0, 0, 0, 0, 0, 0
DB 0, 0, 0, 0, 0, 0, 0, 0, 0, 0, 0, 0, 0, 0, 0, 0, 0, 0, 0, 0
DB 18, 18, 7, 24, 231, 208, 208, 0, 0, 0, 0, 0, 0, 0, 0, 0, 0, 0, 0, 0
DB 0, 0, 0, 0, 0, 0, 0, 0, 0, 0, 0, 17, 19, 8, 23, 24, 24, 23, 136, 136
DB 134, 20, 20, 20, 20, 20, 19, 234, 134, 12, 24, 23, 8, 8, 8, 17, 0, 0, 0, 0
DB 0, 0, 0, 0, 0, 0, 0, 0, 0, 0, 0, 0, 0, 0, 0, 0, 0, 0, 0, 0
DB 17, 207, 232, 19, 25, 23, 8, 0, 0, 0, 0, 0, 0, 0, 0, 0, 0, 0, 0, 0
DB 0, 0, 0, 0, 0, 0, 0, 0, 0, 0, 0, 0, 0, 0, 0, 0, 0, 0, 0, 0
DB 0, 0, 0, 0, 0, 0, 0, 0, 0, 0, 0, 0, 0, 0, 17, 232, 23, 23, 25, 25
DB 12, 4, 136, 0, 0, 0, 0, 0, 0, 0, 0, 0, 0, 0, 0, 0, 0, 0, 0, 0
DB 0, 0, 0, 0, 0, 0, 19, 20, 8, 23, 24, 24, 22, 6, 136, 229, 20, 19, 19, 19
DB 19, 19, 19, 136, 158, 24, 22, 8, 8, 8, 8, 17, 0, 0, 0, 0, 0, 0, 0, 0
DB 0, 0, 0, 0, 0, 0, 0, 0, 0, 0, 0, 0, 0, 0, 17, 136, 64, 24, 159, 23
DB 22, 8, 20, 0, 0, 0, 0, 0, 0, 0, 0, 0, 0, 0, 0, 0, 0, 0, 0, 0
DB 0, 0, 0, 0, 0, 0, 0, 0, 0, 0, 0, 0, 0, 0, 0, 0, 0, 0, 0, 0
DB 0, 0, 0, 0, 0, 0, 0, 0, 0, 18, 23, 24, 24, 22, 162, 159, 6, 4, 0, 0
DB 0, 0, 0, 0, 0, 0, 0, 0, 0, 0, 0, 0, 0, 0, 0, 0, 0, 0, 0, 0
DB 18, 8, 20, 8, 23, 24, 24, 158, 134, 135, 19, 19, 20, 160, 160, 20, 19, 19, 19, 161
DB 24, 23, 8, 8, 20, 8, 8, 18, 0, 0, 0, 0, 0, 0, 0, 0, 0, 0, 0, 0
DB 0, 0, 0, 0, 0, 0, 0, 0, 0, 208, 137, 160, 12, 161, 24, 24, 22, 8, 0, 0
DB 0, 0, 0, 0, 0, 0, 0, 0, 0, 0, 0, 0, 0, 0, 0, 0, 0, 0, 0, 0
DB 0, 0, 0, 0, 0, 0, 0, 0, 0, 0, 0, 0, 0, 0, 0, 0, 0, 0, 0, 0
DB 0, 0, 0, 17, 232, 24, 24, 24, 158, 24, 12, 110, 136, 0, 0, 0, 0, 0, 0, 0
DB 0, 0, 0, 0, 0, 0, 0, 0, 0, 0, 0, 0, 0, 0, 18, 18, 8, 8, 8, 23
DB 23, 23, 160, 136, 19, 20, 234, 23, 65, 64, 24, 137, 19, 19, 160, 23, 23, 8, 8, 20
DB 8, 8, 8, 18, 0, 0, 0, 0, 0, 0, 0, 0, 0, 0, 0, 0, 0, 0, 0, 0
DB 0, 0, 0, 0, 208, 135, 12, 6, 159, 23, 24, 23, 8, 160, 18, 0, 0, 0, 0, 0
DB 0, 0, 0, 0, 0, 0, 0, 0, 0, 0, 0, 0, 0, 0, 0, 0, 0, 0, 0, 0
DB 0, 0, 0, 0, 0, 0, 0, 0, 0, 0, 0, 0, 0, 0, 0, 0, 18, 19, 8, 22
DB 22, 23, 23, 161, 64, 4, 4, 113, 0, 0, 0, 0, 0, 0, 0, 0, 0, 0, 0, 0
DB 0, 0, 0, 0, 0, 0, 0, 0, 0, 8, 8, 20, 20, 22, 23, 24, 23, 135, 235, 19
DB 234, 160, 25, 88, 65, 12, 23, 137, 19, 20, 22, 23, 22, 8, 20, 20, 20, 8, 8, 19
DB 0, 0, 0, 0, 0, 0, 0, 0, 0, 0, 0, 0, 0, 0, 0, 0, 0, 0, 0, 208
DB 136, 12, 134, 12, 160, 22, 22, 8, 159, 22, 22, 19, 0, 0, 0, 0, 0, 0, 0, 0
DB 0, 0, 0, 0, 0, 0, 0, 0, 0, 0, 0, 0, 0, 0, 0, 0, 0, 0, 0, 0
DB 0, 0, 0, 0, 0, 0, 0, 0, 17, 23, 22, 22, 8, 159, 23, 23, 23, 23, 159, 136
DB 4, 136, 136, 0, 0, 0, 0, 0, 0, 0, 0, 0, 0, 0, 0, 0, 0, 0, 0, 0
DB 0, 0, 22, 8, 8, 8, 20, 20, 22, 23, 23, 23, 20, 229, 19, 137, 24, 65, 88, 65
DB 65, 163, 162, 230, 19, 22, 23, 8, 8, 20, 20, 8, 8, 8, 8, 20, 0, 0, 0, 0
DB 0, 0, 0, 0, 0, 0, 0, 0, 0, 0, 0, 0, 0, 0, 18, 111, 137, 12, 135, 160
DB 23, 23, 8, 8, 8, 8, 22, 22, 8, 0, 0, 0, 0, 0, 0, 0, 0, 0, 0, 0
DB 0, 0, 0, 0, 0, 0, 0, 0, 0, 0, 0, 0, 0, 0, 0, 0, 0, 0, 0, 0
DB 0, 17, 22, 22, 22, 8, 8, 8, 161, 23, 23, 23, 162, 12, 135, 4, 4, 111, 0, 0
DB 0, 0, 0, 0, 0, 0, 0, 0, 0, 0, 0, 0, 0, 0, 0, 0, 22, 8, 8, 8
DB 8, 20, 8, 22, 23, 23, 22, 20, 19, 235, 162, 12, 7, 89, 65, 64, 12, 23, 137, 19
DB 20, 22, 22, 8, 20, 20, 20, 20, 8, 8, 8, 20, 0, 0, 0, 0, 0, 0, 0, 0
DB 0, 0, 0, 0, 0, 0, 0, 0, 0, 0, 113, 135, 12, 6, 158, 23, 23, 22, 8, 8
DB 8, 8, 8, 22, 22, 8, 17, 0, 0, 0, 0, 0, 0, 0, 0, 0, 0, 0, 0, 0
DB 0, 0, 0, 0, 0, 0, 0, 0, 0, 0, 0, 0, 0, 0, 17, 22, 22, 22, 8, 8
DB 8, 8, 8, 22, 23, 23, 23, 159, 160, 12, 4, 113, 136, 0, 0, 0, 0, 0, 0, 0
DB 0, 0, 0, 0, 0, 0, 0, 0, 0, 0, 8, 8, 8, 8, 8, 20, 20, 8, 22, 24
DB 23, 8, 19, 19, 160, 12, 24, 65, 88, 88, 65, 24, 12, 162, 234, 19, 22, 22, 8, 20
DB 20, 20, 20, 20, 20, 8, 8, 8, 0, 0, 0, 0, 0, 0, 0, 0, 0, 0, 0, 0
DB 0, 0, 0, 0, 0, 111, 136, 134, 12, 6, 160, 23, 22, 8, 8, 8, 8, 8, 8, 8
DB 22, 8, 8, 0, 0, 0, 0, 0, 0, 0, 0, 0, 0, 0, 0, 0, 0, 0, 0, 0
DB 0, 0, 0, 0, 0, 0, 0, 0, 0, 22, 8, 8, 8, 8, 8, 8, 8, 160, 22, 23
DB 23, 158, 160, 12, 136, 4, 136, 111, 0, 0, 0, 0, 0, 0, 0, 0, 0, 0, 0, 0
DB 0, 0, 0, 0, 0, 8, 8, 8, 20, 20, 20, 20, 8, 23, 23, 23, 20, 19, 230, 162
DB 164, 25, 65, 88, 65, 65, 12, 162, 162, 137, 19, 20, 8, 8, 20, 20, 20, 20, 20, 8
DB 20, 8, 20, 0, 0, 0, 0, 0, 0, 0, 0, 0, 0, 0, 0, 0, 0, 0, 0, 0
DB 208, 136, 6, 12, 135, 134, 23, 22, 8, 8, 20, 8, 8, 8, 8, 8, 8, 8, 8, 0
DB 0, 0, 0, 0, 0, 0, 0, 0, 0, 0, 0, 0, 0, 0, 0, 0, 0, 0, 0, 0
DB 0, 0, 0, 0, 8, 8, 8, 8, 8, 8, 8, 8, 8, 22, 23, 23, 161, 161, 6, 4
DB 4, 111, 17, 0, 0, 0, 0, 0, 0, 0, 0, 0, 0, 0, 0, 0, 0, 0, 0, 0
DB 8, 8, 20, 20, 20, 20, 20, 8, 22, 24, 22, 20, 19, 137, 12, 24, 64, 65, 89, 88
DB 65, 24, 12, 163, 161, 232, 20, 8, 8, 20, 19, 20, 20, 20, 20, 20, 8, 20, 0, 0
DB 0, 0, 0, 0, 0, 0, 0, 0, 0, 0, 0, 0, 0, 0, 0, 0, 111, 12, 135, 4
DB 159, 23, 23, 22, 8, 20, 20, 8, 8, 8, 8, 8, 8, 8, 0, 0, 0, 0, 0, 0
DB 0, 0, 0, 0, 0, 0, 0, 0, 0, 0, 0, 0, 0, 0, 0, 0, 0, 0, 19, 8
DB 8, 8, 8, 8, 8, 8, 20, 22, 23, 23, 22, 160, 158, 12, 4, 136, 113, 0, 0, 0
DB 0, 0, 0, 0, 0, 0, 0, 0, 0, 0, 0, 0, 0, 0, 0, 8, 20, 8, 20, 20
DB 20, 20, 8, 23, 23, 8, 19, 19, 160, 164, 12, 25, 65, 88, 65, 65, 64, 164, 12, 162
DB 234, 19, 8, 8, 20, 20, 20, 20, 20, 20, 20, 20, 20, 0, 0, 0, 0, 0, 0, 0
DB 0, 0, 0, 0, 0, 0, 0, 0, 0, 0, 0, 113, 136, 12, 136, 6, 158, 22, 22, 8
DB 8, 20, 20, 20, 8, 20, 8, 8, 8, 0, 0, 0, 0, 0, 0, 0, 0, 0, 0, 0
DB 0, 0, 0, 0, 0, 0, 0, 0, 0, 0, 0, 0, 0, 19, 8, 8, 8, 8, 8, 8
DB 8, 20, 22, 23, 23, 22, 160, 158, 12, 4, 136, 113, 0, 0, 0, 0, 0, 0, 0, 0
DB 0, 0, 0, 0, 0, 0, 0, 0, 0, 0, 8, 20, 8, 20, 20, 20, 20, 8, 23, 23
DB 8, 19, 19, 160, 164, 12, 25, 65, 88, 65, 65, 64, 164, 12, 162, 234, 19, 8, 8, 20
DB 20, 20, 20, 20, 20, 20, 20, 20, 0, 0, 0, 0, 0, 0, 0, 0, 0, 0, 0, 0
DB 0, 0, 0, 0, 0, 0, 113, 136, 12, 136, 6, 158, 22, 22, 8, 8, 20, 20, 20, 8
DB 20, 8, 8, 8, 0, 0, 0, 0, 0, 0, 0, 0, 0, 0, 0, 0, 0, 0, 0, 0
DB 0, 0, 0, 0, 0, 0, 0, 0, 8, 8, 8, 8, 8, 8, 8, 20, 160, 22, 23, 23
DB 158, 160, 12, 136, 4, 4, 111, 0, 0, 0, 0, 0, 0, 0, 0, 0, 0, 0, 0, 0
DB 0, 0, 0, 0, 0, 20, 20, 20, 20, 20, 20, 20, 8, 22, 23, 8, 19, 240, 12, 163
DB 24, 64, 7, 88, 88, 65, 25, 12, 162, 161, 137, 19, 20, 8, 20, 20, 19, 20, 20, 20
DB 20, 20, 20, 0, 0, 0, 0, 0, 0, 0, 0, 0, 0, 0, 0, 0, 0, 0, 0, 0
DB 0, 136, 4, 136, 12, 135, 160, 23, 22, 22, 8, 20, 20, 8, 20, 8, 20, 8, 8, 0
DB 0, 0, 0, 0, 0, 0, 0, 0, 0, 0, 0, 0, 0, 0, 0, 0, 0, 0, 0, 0
DB 0, 0, 17, 8, 8, 8, 8, 8, 20, 8, 20, 8, 23, 24, 23, 161, 160, 160, 4, 4
DB 136, 209, 0, 0, 0, 0, 0, 0, 0, 0, 0, 0, 0, 0, 0, 0, 0, 0, 0, 0
DB 20, 8, 20, 20, 20, 20, 20, 8, 23, 22, 20, 19, 136, 164, 23, 12, 25, 65, 88, 65
DB 65, 64, 12, 162, 161, 160, 19, 19, 8, 20, 20, 19, 20, 20, 20, 20, 20, 20, 0, 0
DB 0, 0, 0, 0, 0, 0, 0, 0, 0, 0, 0, 0, 0, 0, 0, 0, 111, 135, 6, 12
DB 4, 137, 158, 23, 23, 8, 20, 20, 20, 8, 20, 8, 20, 8, 17, 0, 0, 0, 0, 0
DB 0, 0, 0, 0, 0, 0, 0, 0, 0, 0, 0, 0, 0, 0, 0, 0, 0, 8, 8, 20
DB 8, 20, 8, 8, 20, 20, 8, 22, 22, 22, 135, 136, 39, 4, 4, 111, 17, 0, 0, 0
DB 0, 0, 0, 0, 0, 0, 0, 0, 0, 0, 0, 0, 0, 0, 0, 20, 20, 20, 20, 20
DB 20, 20, 8, 23, 22, 19, 19, 137, 12, 164, 64, 64, 65, 88, 65, 65, 64, 164, 163, 12
DB 161, 232, 19, 20, 20, 20, 20, 20, 20, 20, 20, 20, 20, 0, 0, 0, 0, 0, 0, 0
DB 0, 0, 0, 0, 0, 0, 0, 0, 0, 0, 0, 17, 113, 39, 136, 4, 159, 160, 22, 22
DB 8, 20, 20, 20, 8, 20, 8, 8, 20, 20, 0, 0, 0, 0, 0, 0, 0, 0, 0, 0
DB 0, 0, 0, 0, 0, 0, 0, 0, 0, 0, 0, 0, 20, 20, 20, 8, 8, 20, 8, 20
DB 20, 22, 8, 22, 8, 160, 137, 6, 4, 136, 113, 0, 0, 0, 0, 0, 0, 0, 0, 0
DB 0, 0, 0, 0, 0, 0, 0, 0, 0, 0, 20, 20, 20, 20, 20, 20, 20, 8, 22, 8
DB 19, 18, 161, 23, 12, 24, 24, 65, 88, 66, 65, 64, 64, 161, 161, 161, 136, 19, 20, 20
DB 20, 19, 20, 20, 20, 20, 20, 20, 0, 0, 0, 0, 0, 0, 0, 0, 0, 0, 0, 0
DB 0, 0, 0, 0, 0, 0, 0, 111, 136, 6, 135, 6, 135, 159, 8, 8, 20, 20, 20, 20
DB 8, 20, 20, 20, 20, 0, 0, 0, 0, 0, 0, 0, 0, 0, 0, 0, 0, 0, 0, 0
DB 0, 0, 0, 0, 0, 0, 0, 0, 18, 19, 19, 20, 20, 20, 20, 8, 24, 24, 23, 161
DB 135, 135, 136, 136, 113, 111, 0, 0, 0, 0, 0, 0, 0, 0, 0, 0, 0, 0, 0, 0
DB 0, 0, 0, 0, 0, 20, 20, 20, 20, 20, 20, 20, 22, 22, 8, 19, 19, 12, 163, 164
DB 12, 25, 65, 65, 88, 65, 64, 23, 12, 6, 161, 137, 18, 19, 20, 20, 19, 20, 19, 20
DB 20, 20, 20, 0, 0, 0, 0, 0, 0, 0, 0, 0, 0, 0, 0, 0, 0, 0, 0, 0
DB 0, 0, 113, 111, 134, 4, 136, 160, 24, 24, 23, 8, 20, 20, 20, 20, 20, 19, 19, 0
DB 0, 0, 0, 0, 0, 0, 0, 0, 0, 0, 0, 0, 0, 0, 0, 0, 0, 0, 0, 0
DB 0, 0, 0, 0, 0, 0, 19, 19, 19, 135, 8, 23, 23, 23, 160, 137, 12, 4, 4, 111
DB 209, 0, 0, 0, 0, 0, 0, 0, 0, 0, 0, 0, 0, 0, 0, 0, 0, 0, 0, 0
DB 20, 20, 20, 20, 20, 19, 20, 8, 22, 20, 18, 136, 163, 163, 12, 24, 64, 65, 88, 65
DB 65, 65, 12, 163, 158, 160, 138, 19, 19, 20, 20, 19, 19, 20, 20, 20, 20, 20, 0, 0
DB 0, 0, 0, 0, 0, 0, 0, 0, 0, 0, 0, 0, 0, 0, 0, 0, 0, 208, 136, 12
DB 12, 4, 160, 158, 23, 22, 8, 8, 20, 19, 19, 19, 17, 0, 0, 0, 0, 0, 0, 0
DB 0, 0, 0, 0, 0, 0, 0, 0, 0, 0, 0, 0, 0, 0, 0, 0, 0, 0, 0, 0
DB 0, 0, 0, 230, 8, 22, 22, 22, 22, 135, 135, 6, 4, 136, 113, 208, 0, 0, 0, 0
DB 0, 0, 0, 0, 0, 0, 0, 0, 0, 0, 0, 0, 0, 0, 0, 19, 19, 20, 19, 20
DB 19, 20, 22, 22, 20, 18, 136, 162, 12, 24, 12, 24, 65, 88, 65, 65, 64, 24, 12, 162
DB 160, 161, 209, 19, 20, 20, 19, 20, 19, 19, 19, 19, 19, 0, 0, 0, 0, 0, 0, 0
DB 0, 0, 0, 0, 0, 0, 0, 0, 0, 0, 0, 0, 183, 113, 136, 136, 4, 159, 160, 162
DB 8, 8, 8, 20, 232, 0, 0, 0, 0, 0, 0, 0, 0, 0, 0, 0, 0, 0, 0, 0
DB 0, 0, 0, 0, 0, 0, 0, 0, 0, 0, 0, 0, 0, 0, 0, 0, 0, 0, 233, 8
DB 22, 22, 22, 22, 137, 134, 4, 4, 4, 136, 0, 0, 0, 0, 0, 0, 0, 0, 0, 0
DB 0, 0, 0, 0, 0, 0, 0, 0, 0, 0, 17, 18, 18, 18, 19, 19, 20, 8, 8, 19
DB 18, 137, 163, 162, 12, 164, 64, 65, 65, 88, 65, 64, 12, 164, 161, 6, 158, 233, 18, 20
DB 20, 19, 19, 18, 19, 18, 18, 17, 0, 0, 0, 0, 0, 0, 0, 0, 0, 0, 0, 0
DB 0, 0, 0, 0, 0, 0, 0, 17, 111, 6, 12, 136, 6, 134, 22, 22, 22, 8, 20, 232
DB 0, 0, 0, 0, 0, 0, 0, 0, 0, 0, 0, 0, 0, 0, 0, 0, 0, 0, 0, 0
DB 0, 0, 0, 0, 0, 0, 0, 0, 0, 0, 0, 0, 0, 8, 22, 22, 23, 22, 160, 160
DB 160, 12, 136, 4, 111, 0, 0, 0, 0, 0, 0, 0, 0, 0, 0, 0, 0, 0, 0, 0
DB 0, 0, 0, 0, 0, 0, 0, 0, 0, 0, 18, 8, 8, 8, 19, 209, 160, 12, 139, 24
DB 12, 24, 65, 65, 65, 65, 65, 64, 163, 12, 160, 161, 136, 18, 20, 20, 19, 18, 0, 0
DB 0, 0, 0, 0, 0, 0, 0, 0, 0, 0, 0, 0, 0, 0, 0, 0, 0, 0, 0, 0
DB 0, 0, 0, 136, 110, 136, 12, 4, 137, 23, 22, 8, 8, 8, 20, 0, 0, 0, 0, 0
DB 0, 0, 0, 0, 0, 0, 0, 0, 0, 0, 0, 0, 0, 0, 0, 0, 0, 0, 0, 0
DB 0, 0, 0, 0, 0, 0, 0, 0, 8, 22, 22, 23, 22, 160, 160, 12, 4, 4, 4, 209
DB 0, 0, 0, 0, 0, 0, 0, 0, 0, 0, 0, 0, 0, 0, 0, 0, 0, 0, 0, 0
DB 0, 0, 0, 0, 0, 0, 20, 8, 8, 19, 209, 161, 162, 162, 12, 164, 24, 65, 88, 65
DB 65, 64, 24, 12, 161, 160, 138, 136, 18, 20, 20, 19, 0, 0, 0, 0, 0, 0, 0, 0
DB 0, 0, 0, 0, 0, 0, 0, 0, 0, 0, 0, 0, 0, 0, 0, 0, 0, 0, 113, 136
DB 12, 4, 136, 160, 159, 22, 22, 8, 8, 20, 0, 0, 0, 0, 0, 0, 0, 0, 0, 0
DB 0, 0, 0, 0, 0, 0, 0, 0, 0, 0, 0, 0, 0, 0, 0, 0, 0, 0, 0, 0
DB 0, 0, 207, 8, 22, 22, 22, 22, 135, 160, 6, 135, 4, 136, 111, 0, 0, 0, 0, 0
DB 0, 0, 0, 0, 0, 0, 0, 0, 0, 0, 0, 0, 0, 0, 0, 0, 0, 0, 0, 0
DB 17, 8, 8, 20, 18, 209, 161, 12, 162, 12, 23, 64, 64, 65, 65, 65, 64, 12, 164, 162
DB 138, 160, 137, 18, 20, 20, 19, 17, 0, 0, 0, 0, 0, 0, 0, 0, 0, 0, 0, 0
DB 0, 0, 0, 0, 0, 0, 0, 0, 0, 0, 0, 0, 0, 207, 4, 160, 12, 4, 135, 160
DB 158, 22, 8, 8, 20, 208, 0, 0, 0, 0, 0, 0, 0, 0, 0, 0, 0, 0, 0, 0
DB 0, 0, 0, 0, 0, 0, 0, 0, 0, 0, 0, 0, 0, 0, 0, 0, 0, 20, 161, 22
DB 22, 22, 161, 135, 12, 134, 4, 4, 113, 208, 0, 0, 0, 0, 0, 0, 0, 0, 0, 0
DB 0, 0, 0, 0, 0, 0, 0, 0, 0, 0, 0, 0, 0, 0, 0, 17, 20, 8, 20, 18
DB 232, 161, 161, 162, 12, 164, 12, 25, 65, 65, 64, 25, 64, 163, 12, 138, 137, 137, 18, 20
DB 20, 19, 0, 0, 0, 0, 0, 0, 0, 0, 0, 0, 0, 0, 0, 0, 0, 0, 0, 0
DB 0, 0, 0, 0, 0, 0, 0, 0, 208, 136, 6, 133, 6, 136, 136, 22, 22, 8, 8, 20
DB 20, 0, 0, 0, 0, 0, 0, 0, 0, 0, 0, 0, 0, 0, 0, 0, 0, 0, 0, 0
DB 0, 0, 0, 0, 0, 0, 0, 0, 0, 0, 0, 0, 20, 22, 22, 23, 22, 161, 160, 135
DB 12, 6, 136, 111, 17, 0, 0, 0, 0, 0, 0, 0, 0, 0, 0, 0, 0, 0, 0, 0
DB 0, 0, 0, 0, 0, 0, 0, 0, 0, 0, 17, 20, 8, 20, 19, 209, 161, 12, 162, 164
DB 12, 24, 64, 25, 64, 64, 12, 64, 12, 162, 160, 138, 160, 18, 20, 20, 19, 17, 0, 0
DB 0, 0, 0, 0, 0, 0, 0, 0, 0, 0, 0, 0, 0, 0, 0, 0, 0, 0, 0, 0
DB 0, 0, 0, 185, 111, 12, 134, 12, 4, 136, 22, 22, 22, 8, 8, 20, 0, 0, 0, 0
DB 0, 0, 0, 0, 0, 0, 0, 0, 0, 0, 0, 0, 0, 0, 0, 0, 0, 0, 0, 0
DB 0, 0, 0, 0, 0, 0, 17, 8, 22, 22, 23, 22, 160, 160, 12, 135, 110, 4, 113, 0
DB 0, 0, 0, 0, 0, 0, 0, 0, 0, 0, 0, 0, 0, 0, 0, 0, 0, 0, 0, 0
DB 0, 0, 0, 0, 0, 17, 8, 8, 19, 18, 209, 161, 138, 162, 12, 163, 24, 12, 64, 64
DB 164, 64, 24, 163, 162, 138, 137, 137, 18, 20, 20, 19, 17, 0, 0, 0, 0, 0, 0, 0
DB 0, 0, 0, 0, 0, 0, 0, 0, 0, 0, 0, 0, 0, 0, 0, 0, 0, 0, 0, 136
DB 136, 12, 135, 136, 137, 158, 22, 22, 8, 20, 20, 17, 0, 0, 0, 0, 0, 0, 0, 0
DB 0, 0, 0, 0, 0, 0, 0, 0, 0, 0, 0, 0, 0, 0, 0, 0, 0, 0, 0, 0
DB 0, 0, 8, 23, 23, 23, 22, 135, 160, 160, 6, 4, 4, 136, 0, 0, 0, 0, 0, 0
DB 0, 0, 0, 0, 0, 0, 0, 0, 0, 0, 0, 0, 0, 0, 0, 0, 0, 0, 0, 0
DB 17, 20, 8, 20, 18, 209, 161, 160, 12, 163, 12, 12, 24, 164, 12, 64, 24, 12, 139, 12
DB 160, 137, 137, 207, 20, 20, 19, 17, 0, 0, 0, 0, 0, 0, 0, 0, 0, 0, 0, 0
DB 0, 0, 0, 0, 0, 0, 0, 0, 0, 0, 0, 0, 0, 0, 183, 6, 135, 6, 136, 135
DB 162, 22, 24, 22, 8, 20, 232, 0, 0, 0, 0, 0, 0, 0, 0, 0, 0, 0, 0, 0
DB 0, 0, 0, 0, 0, 0, 0, 0, 0, 0, 0, 0, 0, 0, 0, 0, 0, 8, 23, 23
DB 23, 22, 135, 160, 160, 6, 4, 4, 136, 0, 0, 0, 0, 0, 0, 0, 0, 0, 0, 0
DB 0, 0, 0, 0, 0, 0, 0, 0, 0, 0, 0, 0, 0, 0, 0, 17, 20, 8, 20, 18
DB 209, 161, 160, 12, 163, 12, 12, 24, 164, 12, 64, 24, 12, 139, 12, 160, 137, 137, 207, 20
DB 20, 19, 17, 0, 0, 0, 0, 0, 0, 0, 0, 0, 0, 0, 0, 0, 0, 0, 0, 0
DB 0, 0, 0, 0, 0, 0, 0, 0, 0, 183, 6, 135, 6, 136, 135, 162, 22, 24, 22, 8
DB 20, 232, 0, 0, 0, 0, 0, 0, 0, 0, 0, 0, 0, 0, 0, 0, 0, 0, 0, 0
DB 0, 0, 0, 0, 0, 0, 0, 0, 0, 0, 0, 8, 8, 8, 8, 22, 22, 136, 136, 12
DB 135, 4, 136, 111, 0, 0, 0, 0, 0, 0, 0, 0, 0, 0, 0, 0, 0, 0, 0, 0
DB 0, 0, 0, 0, 0, 0, 0, 0, 0, 0, 18, 8, 8, 19, 18, 209, 161, 138, 162, 162
DB 164, 64, 12, 24, 164, 12, 164, 12, 163, 162, 137, 137, 137, 18, 20, 20, 19, 18, 0, 0
DB 0, 0, 0, 0, 0, 0, 0, 0, 0, 0, 0, 0, 0, 0, 0, 0, 0, 0, 0, 0
DB 0, 0, 0, 0, 208, 4, 12, 135, 4, 135, 135, 161, 8, 8, 8, 8, 20, 17, 0, 0
DB 0, 0, 0, 0, 0, 0, 0, 0, 0, 0, 0, 0, 0, 0, 0, 0, 0, 0, 0, 0
DB 0, 0, 0, 0, 0, 8, 8, 8, 22, 22, 23, 158, 161, 159, 160, 135, 136, 4, 209, 0
DB 0, 0, 0, 0, 0, 0, 0, 0, 0, 0, 0, 0, 0, 0, 0, 0, 0, 0, 0, 0
DB 0, 0, 0, 0, 0, 18, 20, 8, 20, 18, 208, 138, 137, 12, 162, 12, 163, 163, 163, 12
DB 164, 12, 162, 162, 12, 137, 137, 232, 18, 20, 20, 19, 18, 0, 0, 0, 0, 0, 0, 0
DB 0, 0, 0, 0, 0, 0, 0, 0, 0, 0, 0, 0, 0, 0, 0, 0, 0, 0, 0, 207
DB 136, 134, 12, 158, 160, 161, 22, 22, 8, 8, 20, 229, 19, 18, 0, 0, 0, 0, 0, 0
DB 0, 0, 0, 0, 0, 0, 0, 0, 0, 0, 0, 0, 0, 0, 0, 0, 0, 0, 0, 8
DB 8, 8, 8, 20, 20, 20, 8, 160, 160, 160, 160, 135, 136, 136, 0, 0, 0, 0, 0, 0
DB 0, 0, 0, 0, 0, 0, 0, 0, 0, 0, 0, 0, 0, 0, 0, 0, 0, 0, 0, 0
DB 18, 20, 8, 8, 18, 18, 137, 137, 137, 161, 162, 164, 12, 12, 163, 162, 163, 163, 12, 138
DB 137, 137, 209, 18, 20, 20, 19, 18, 0, 0, 0, 0, 0, 0, 0, 0, 0, 0, 0, 0
DB 0, 0, 0, 0, 0, 0, 0, 0, 0, 0, 0, 0, 0, 0, 207, 160, 160, 160, 160, 137
DB 136, 20, 20, 20, 20, 8, 20, 20, 230, 0, 0, 0, 0, 0, 0, 0, 0, 0, 0, 0
DB 0, 0, 0, 0, 0, 0, 0, 0, 0, 0, 0, 0, 0, 0, 22, 24, 23, 23, 24, 24
DB 24, 25, 64, 24, 12, 160, 137, 136, 111, 0, 0, 0, 0, 0, 0, 0, 0, 0, 0, 0
DB 0, 0, 0, 0, 0, 0, 0, 0, 0, 0, 0, 0, 0, 0, 0, 19, 20, 8, 20, 19
DB 18, 209, 137, 137, 160, 12, 162, 12, 164, 162, 12, 162, 12, 163, 137, 136, 136, 18, 18, 19
DB 20, 19, 18, 0, 0, 0, 0, 0, 0, 0, 0, 0, 0, 0, 0, 0, 0, 0, 0, 0
DB 0, 0, 0, 0, 0, 0, 0, 0, 17, 232, 159, 161, 24, 64, 24, 12, 23, 23, 23, 23
DB 23, 23, 8, 20, 0, 0, 0, 0, 0, 0, 0, 0, 0, 0, 0, 0, 0, 0, 0, 0
DB 0, 0, 0, 0, 0, 0, 0, 0, 0, 24, 24, 23, 23, 23, 23, 24, 23, 12, 64, 24
DB 64, 12, 4, 136, 0, 0, 0, 0, 0, 0, 0, 0, 0, 0, 0, 0, 0, 0, 0, 0
DB 0, 0, 0, 0, 0, 0, 0, 0, 0, 0, 18, 20, 8, 8, 20, 208, 18, 136, 137, 137
DB 161, 163, 24, 12, 162, 162, 12, 23, 161, 137, 137, 209, 18, 19, 20, 20, 19, 19, 0, 0
DB 0, 0, 0, 0, 0, 0, 0, 0, 0, 0, 0, 0, 0, 0, 0, 0, 0, 0, 0, 0
DB 0, 0, 0, 18, 161, 64, 64, 64, 158, 12, 160, 158, 23, 23, 22, 23, 24, 23, 8, 0
DB 0, 0, 0, 0, 0, 0, 0, 0, 0, 0, 0, 0, 0, 0, 0, 0, 0, 0, 0, 0
DB 0, 0, 0, 159, 23, 24, 23, 22, 23, 23, 23, 159, 160, 12, 6, 64, 135, 4, 113, 0
DB 0, 0, 0, 0, 0, 0, 0, 0, 0, 0, 0, 0, 0, 0, 0, 0, 0, 0, 0, 0
DB 0, 0, 0, 0, 0, 18, 20, 20, 8, 237, 111, 18, 18, 136, 137, 138, 12, 163, 64, 163
DB 12, 164, 12, 137, 136, 232, 17, 208, 19, 20, 20, 19, 18, 0, 0, 0, 0, 0, 0, 0
DB 0, 0, 0, 0, 0, 0, 0, 0, 0, 0, 0, 0, 0, 0, 0, 0, 0, 0, 183, 135
DB 64, 6, 160, 12, 137, 12, 160, 22, 22, 22, 22, 24, 23, 8, 0, 0, 0, 0, 0, 0
DB 0, 0, 0, 0, 0, 0, 0, 0, 0, 0, 0, 0, 0, 0, 0, 0, 0, 0, 20, 8
DB 22, 22, 22, 22, 23, 23, 160, 12, 12, 135, 156, 6, 4, 136, 0, 0, 0, 0, 0, 0
DB 0, 0, 0, 0, 0, 0, 0, 0, 0, 0, 0, 0, 0, 0, 0, 0, 0, 0, 0, 0
DB 18, 20, 8, 8, 20, 113, 208, 17, 208, 136, 137, 162, 12, 24, 12, 24, 12, 162, 137, 209
DB 18, 18, 111, 20, 20, 19, 19, 18, 0, 0, 0, 0, 0, 0, 0, 0, 0, 0, 0, 0
DB 0, 0, 0, 0, 0, 0, 0, 0, 0, 0, 0, 0, 0, 18, 136, 12, 135, 12, 12, 136
DB 12, 6, 162, 22, 22, 22, 8, 8, 8, 0, 0, 0, 0, 0, 0, 0, 0, 0, 0, 0
DB 0, 0, 0, 0, 0, 0, 0, 0, 0, 0, 0, 0, 0, 20, 22, 22, 22, 22, 23, 23
DB 23, 12, 136, 135, 12, 4, 4, 136, 111, 0, 0, 0, 0, 0, 0, 0, 0, 0, 0, 0
DB 0, 0, 0, 0, 0, 0, 0, 0, 0, 0, 0, 0, 0, 0, 0, 18, 19, 8, 20, 20
DB 111, 4, 208, 17, 18, 136, 161, 162, 12, 24, 12, 164, 137, 209, 18, 17, 113, 136, 20, 19
DB 20, 19, 18, 0, 0, 0, 0, 0, 0, 0, 0, 0, 0, 0, 0, 0, 0, 0, 0, 0
DB 0, 0, 0, 0, 0, 0, 0, 0, 18, 136, 136, 12, 135, 135, 12, 136, 135, 156, 22, 22
DB 8, 8, 8, 20, 0, 0, 0, 0, 0, 0, 0, 0, 0, 0, 0, 0, 0, 0, 0, 0
DB 0, 0, 0, 0, 0, 0, 0, 17, 8, 8, 22, 22, 22, 22, 22, 158, 137, 12, 6, 12
DB 160, 39, 4, 136, 0, 0, 0, 0, 0, 0, 0, 0, 0, 0, 0, 0, 0, 0, 0, 0
DB 0, 0, 0, 0, 0, 0, 0, 0, 0, 0, 17, 20, 20, 8, 20, 136, 4, 208, 18, 17
DB 18, 136, 137, 139, 139, 162, 136, 208, 17, 17, 208, 4, 136, 235, 20, 19, 19, 18, 0, 0
DB 0, 0, 0, 0, 0, 0, 0, 0, 0, 0, 0, 0, 0, 0, 0, 0, 0, 0, 0, 0
DB 0, 0, 0, 185, 136, 6, 134, 12, 6, 135, 39, 6, 157, 22, 22, 22, 8, 8, 8, 17
DB 0, 0, 0, 0, 0, 0, 0, 0, 0, 0, 0, 0, 0, 0, 0, 0, 0, 0, 0, 0
DB 0, 0, 231, 8, 22, 22, 22, 22, 22, 23, 23, 136, 12, 133, 135, 12, 6, 136, 113, 0
DB 0, 0, 0, 0, 0, 0, 0, 0, 0, 0, 0, 0, 0, 0, 0, 0, 0, 0, 0, 0
DB 0, 0, 0, 0, 0, 19, 20, 20, 8, 20, 136, 111, 4, 113, 18, 17, 17, 18, 208, 208
DB 208, 17, 18, 17, 208, 111, 4, 136, 20, 20, 19, 19, 19, 0, 0, 0, 0, 0, 0, 0
DB 0, 0, 0, 0, 0, 0, 0, 0, 0, 0, 0, 0, 0, 0, 0, 0, 0, 0, 17, 136
DB 12, 135, 12, 135, 12, 6, 135, 161, 22, 8, 22, 8, 8, 8, 231, 0, 0, 0, 0, 0
DB 0, 0, 0, 0, 0, 0, 0, 0, 0, 0, 0, 0, 0, 0, 0, 0, 0, 20, 8, 8
DB 22, 22, 22, 22, 23, 160, 12, 135, 6, 12, 12, 136, 111, 111, 0, 0, 0, 0, 0, 0
DB 0, 0, 0, 0, 0, 0, 0, 0, 0, 0, 0, 0, 0, 0, 0, 0, 0, 0, 0, 20
DB 19, 19, 20, 8, 20, 136, 4, 4, 111, 111, 18, 17, 18, 18, 18, 17, 18, 17, 208, 113
DB 4, 4, 136, 20, 19, 19, 19, 19, 20, 0, 0, 0, 0, 0, 0, 0, 0, 0, 0, 0
DB 0, 0, 0, 0, 0, 0, 0, 0, 0, 0, 0, 0, 17, 17, 136, 160, 12, 136, 12, 6
DB 135, 39, 160, 22, 22, 8, 8, 8, 8, 234, 0, 0, 0, 0, 0, 0, 0, 0, 0, 0
DB 0, 0, 0, 0, 0, 0, 0, 0, 0, 0, 0, 0, 20, 8, 22, 22, 22, 22, 22, 22
DB 160, 6, 12, 135, 12, 136, 4, 4, 234, 8, 22, 22, 22, 17, 0, 0, 0, 0, 0, 0
DB 0, 0, 0, 0, 0, 0, 0, 0, 0, 0, 0, 0, 0, 20, 20, 20, 19, 20, 8, 20
DB 136, 4, 136, 4, 4, 113, 208, 17, 17, 17, 17, 18, 185, 111, 111, 4, 4, 136, 20, 20
DB 19, 19, 20, 20, 8, 0, 0, 0, 0, 0, 0, 0, 0, 0, 0, 0, 0, 0, 0, 0
DB 0, 0, 0, 0, 17, 18, 18, 18, 229, 136, 135, 12, 136, 6, 109, 12, 136, 160, 162, 22
DB 8, 22, 8, 8, 229, 0, 0, 0, 0, 0, 0, 0, 0, 0, 0, 0, 0, 0, 0, 0
DB 0, 0, 0, 0, 0, 0, 0, 20, 22, 8, 22, 22, 22, 22, 23, 134, 135, 6, 12, 135
DB 12, 4, 136, 208, 232, 19, 19, 20, 8, 22, 17, 17, 0, 0, 0, 0, 0, 0, 0, 0
DB 0, 0, 0, 0, 0, 0, 0, 20, 20, 20, 20, 19, 20, 8, 8, 20, 4, 4, 136, 4
DB 4, 4, 111, 113, 208, 111, 113, 4, 113, 4, 136, 4, 135, 20, 19, 19, 19, 20, 20, 20
DB 8, 0, 0, 0, 0, 0, 0, 0, 0, 0, 0, 0, 0, 0, 0, 0, 0, 23, 8, 19
DB 18, 18, 19, 18, 136, 137, 12, 135, 12, 6, 136, 39, 137, 22, 22, 8, 8, 8, 8, 235
DB 0, 0, 0, 0, 0, 0, 0, 0, 0, 0, 0, 0, 0, 0, 0, 0, 0, 0, 0, 0
DB 0, 17, 20, 8, 22, 8, 22, 22, 22, 162, 12, 134, 39, 136, 12, 160, 4, 4, 208, 8
DB 8, 8, 20, 19, 20, 20, 8, 18, 18, 17, 17, 0, 0, 0, 0, 0, 0, 0, 0, 0
DB 0, 8, 8, 20, 8, 20, 8, 8, 22, 22, 22, 136, 136, 4, 6, 136, 136, 137, 135, 4
DB 4, 136, 4, 136, 4, 136, 161, 8, 8, 20, 20, 20, 20, 20, 20, 8, 18, 0, 0, 0
DB 0, 0, 0, 0, 0, 0, 0, 17, 17, 18, 18, 19, 18, 19, 19, 8, 8, 20, 20, 207
DB 12, 136, 12, 135, 39, 136, 6, 136, 160, 22, 8, 22, 8, 8, 20, 17, 0, 0, 0, 0
DB 0, 0, 0, 0, 0, 0, 0, 0, 0, 0, 0, 0, 0, 0, 0, 0, 209, 8, 22, 22
DB 22, 22, 22, 22, 158, 135, 6, 137, 12, 136, 12, 4, 136, 232, 20, 22, 22, 22, 23, 8
DB 20, 20, 20, 20, 8, 19, 18, 18, 18, 17, 0, 0, 0, 0, 0, 18, 20, 8, 20, 8
DB 20, 8, 160, 135, 136, 136, 4, 136, 135, 134, 4, 12, 158, 64, 12, 160, 4, 6, 4, 4
DB 6, 4, 136, 136, 160, 8, 20, 20, 20, 8, 20, 8, 18, 0, 0, 0, 0, 0, 17, 18
DB 18, 19, 18, 20, 19, 19, 8, 22, 22, 8, 22, 8, 8, 20, 232, 136, 12, 136, 12, 135
DB 6, 39, 136, 159, 8, 8, 8, 8, 8, 20, 207, 0, 0, 0, 0, 0, 0, 0, 0, 0
DB 0, 0, 0, 0, 0, 0, 0, 0, 0, 0, 0, 209, 8, 22, 22, 22, 22, 22, 22, 158
DB 135, 6, 137, 12, 136, 12, 4, 136, 232, 20, 22, 22, 22, 23, 8, 20, 20, 20, 20, 8
DB 19, 18, 18, 18, 17, 0, 0, 0, 0, 0, 18, 20, 8, 20, 8, 20, 8, 160, 135, 136
DB 136, 4, 136, 135, 134, 4, 12, 158, 64, 12, 160, 4, 6, 4, 4, 6, 4, 136, 136, 160
DB 8, 20, 20, 20, 8, 20, 8, 18, 0, 0, 0, 0, 0, 17, 18, 18, 19, 18, 20, 19
DB 19, 8, 22, 22, 8, 22, 8, 8, 20, 232, 136, 12, 136, 12, 135, 6, 39, 136, 159, 8
DB 8, 8, 8, 8, 20, 207, 0, 0, 0, 0, 0, 0, 0, 0, 0, 0, 0, 0, 0, 0
DB 0, 0, 0, 0, 0, 0, 230, 8, 8, 8, 22, 22, 22, 22, 22, 6, 133, 12, 136, 12
DB 136, 136, 136, 208, 20, 22, 22, 22, 23, 23, 23, 24, 23, 22, 8, 20, 20, 20, 8, 20
DB 19, 18, 18, 18, 18, 19, 20, 8, 20, 20, 8, 136, 4, 4, 4, 4, 136, 160, 160, 12
DB 160, 12, 6, 134, 136, 12, 135, 12, 136, 4, 4, 136, 4, 4, 136, 136, 136, 20, 20, 20
DB 8, 8, 19, 18, 18, 18, 18, 19, 8, 20, 19, 19, 20, 22, 23, 23, 23, 23, 22, 8
DB 8, 8, 20, 20, 207, 160, 135, 6, 4, 135, 39, 137, 136, 161, 22, 8, 22, 8, 8, 20
DB 234, 0, 0, 0, 0, 0, 0, 0, 0, 0, 0, 0, 0, 0, 0, 0, 0, 0, 0, 0
DB 0, 235, 8, 22, 22, 8, 22, 22, 22, 156, 158, 160, 6, 135, 6, 12, 111, 113, 207, 20
DB 8, 22, 22, 22, 23, 23, 24, 24, 24, 24, 24, 24, 24, 22, 8, 20, 20, 8, 20, 20
DB 20, 20, 20, 8, 136, 111, 4, 4, 6, 4, 6, 136, 135, 137, 12, 12, 135, 4, 160, 6
DB 12, 135, 39, 6, 135, 4, 4, 4, 136, 4, 136, 233, 136, 20, 20, 8, 8, 20, 8, 20
DB 20, 20, 8, 23, 23, 24, 24, 24, 24, 24, 23, 22, 22, 8, 8, 8, 8, 20, 20, 209
DB 160, 12, 134, 12, 6, 135, 137, 160, 158, 22, 8, 8, 8, 8, 20, 229, 0, 0, 0, 0
DB 0, 0, 0, 0, 0, 0, 0, 0, 0, 0, 0, 0, 0, 0, 0, 0, 20, 8, 8, 8
DB 22, 8, 22, 22, 162, 135, 12, 135, 39, 12, 135, 136, 111, 208, 20, 8, 8, 22, 22, 22
DB 22, 23, 23, 23, 23, 24, 24, 25, 25, 24, 25, 25, 25, 23, 8, 8, 19, 19, 20, 137
DB 4, 4, 136, 4, 135, 4, 4, 134, 6, 110, 6, 135, 12, 4, 135, 24, 12, 136, 4, 39
DB 4, 135, 6, 4, 136, 136, 230, 136, 135, 20, 20, 8, 22, 24, 25, 24, 24, 24, 25, 24
DB 24, 23, 23, 23, 22, 22, 22, 22, 8, 8, 8, 8, 20, 19, 136, 135, 160, 160, 4, 136
DB 39, 6, 136, 161, 8, 22, 8, 8, 8, 8, 235, 0, 0, 0, 0, 0, 0, 0, 0, 0
DB 0, 0, 0, 0, 0, 0, 0, 0, 0, 0, 0, 20, 8, 8, 22, 22, 22, 22, 22, 158
DB 160, 160, 134, 6, 136, 134, 6, 4, 209, 20, 8, 22, 8, 22, 22, 23, 22, 23, 23, 23
DB 23, 23, 23, 24, 24, 24, 25, 7, 25, 25, 24, 22, 8, 20, 135, 136, 6, 4, 4, 39
DB 6, 160, 135, 135, 4, 4, 12, 4, 136, 135, 4, 4, 6, 4, 6, 136, 135, 4, 136, 4
DB 4, 136, 20, 8, 20, 23, 25, 25, 7, 7, 24, 24, 24, 23, 23, 23, 22, 23, 22, 22
DB 22, 22, 8, 8, 8, 8, 8, 20, 20, 208, 12, 6, 12, 135, 12, 137, 159, 135, 22, 8
DB 8, 8, 8, 8, 20, 20, 0, 0, 0, 0, 0, 0, 0, 0, 0, 0, 0, 0, 0, 0
DB 0, 0, 0, 0, 0, 0, 20, 8, 22, 8, 8, 22, 22, 22, 162, 135, 6, 12, 135, 12
DB 12, 4, 110, 210, 20, 8, 8, 22, 22, 22, 22, 23, 22, 23, 23, 23, 23, 23, 23, 24
DB 23, 24, 24, 24, 23, 23, 23, 159, 162, 22, 161, 156, 24, 24, 24, 24, 64, 24, 64, 25
DB 64, 160, 24, 159, 64, 25, 25, 64, 24, 24, 12, 24, 24, 12, 12, 158, 161, 159, 161, 159
DB 24, 23, 24, 24, 24, 23, 23, 23, 23, 23, 23, 22, 22, 22, 22, 22, 8, 8, 8, 8
DB 8, 20, 20, 20, 207, 135, 135, 135, 39, 6, 135, 136, 136, 160, 22, 8, 8, 8, 8, 8
DB 229, 17, 0, 0, 0, 0, 0, 0, 0, 0, 0, 0, 0, 0, 0, 0, 0, 0, 0, 0
DB 0, 20, 8, 8, 22, 8, 22, 8, 22, 160, 6, 134, 4, 12, 136, 136, 4, 4, 232, 20
DB 8, 8, 8, 22, 22, 22, 22, 23, 23, 23, 23, 23, 23, 23, 24, 24, 24, 24, 64, 24
DB 64, 24, 64, 24, 64, 64, 64, 64, 64, 64, 64, 24, 64, 64, 64, 24, 39, 12, 160, 24
DB 64, 64, 24, 64, 64, 25, 64, 64, 25, 24, 64, 64, 64, 24, 12, 24, 12, 24, 12, 24
DB 24, 24, 158, 23, 162, 23, 23, 22, 22, 22, 22, 22, 8, 8, 8, 8, 20, 20, 19, 209
DB 12, 6, 12, 136, 4, 12, 4, 6, 134, 8, 8, 8, 8, 8, 8, 20, 208, 0, 0, 0
DB 0, 0, 0, 0, 0, 0, 0, 0, 0, 0, 0, 0, 0, 0, 0, 0, 8, 8, 8, 8
DB 22, 8, 22, 161, 134, 135, 12, 135, 135, 6, 12, 4, 136, 207, 20, 8, 8, 8, 22, 158
DB 164, 158, 162, 158, 23, 12, 24, 12, 64, 12, 12, 12, 12, 161, 12, 158, 161, 160, 12, 134
DB 6, 12, 135, 6, 135, 12, 4, 136, 12, 134, 6, 6, 136, 136, 158, 6, 135, 12, 135, 12
DB 135, 12, 135, 12, 12, 134, 6, 136, 12, 23, 12, 24, 24, 24, 64, 12, 12, 64, 12, 12
DB 12, 159, 12, 160, 160, 136, 159, 160, 8, 8, 20, 8, 20, 20, 207, 135, 135, 136, 12, 6
DB 136, 135, 136, 137, 8, 8, 8, 8, 8, 20, 20, 231, 0, 0, 0, 0, 0, 0, 0, 0
DB 0, 0, 0, 0, 0, 0, 0, 0, 0, 0, 0, 8, 8, 8, 8, 8, 8, 8, 8, 138
DB 39, 136, 4, 6, 39, 136, 136, 136, 136, 135, 160, 160, 159, 24, 137, 23, 12, 12, 12, 12
DB 160, 4, 6, 136, 135, 137, 135, 136, 12, 162, 25, 25, 25, 23, 22, 135, 136, 12, 134, 12
DB 6, 136, 12, 159, 4, 12, 134, 4, 136, 135, 136, 12, 4, 6, 135, 12, 136, 12, 136, 136
DB 12, 135, 12, 24, 24, 24, 24, 162, 134, 6, 136, 135, 6, 136, 136, 135, 12, 160, 12, 12
DB 4, 24, 157, 6, 136, 135, 136, 136, 233, 136, 137, 39, 6, 4, 110, 6, 39, 4, 135, 8
DB 8, 8, 8, 8, 8, 20, 230, 0, 0, 0, 0, 0, 0, 0, 0, 0, 0, 0, 0, 0
DB 0, 0, 0, 0, 0, 0, 22, 22, 8, 8, 8, 8, 8, 8, 160, 136, 4, 135, 135, 135
DB 137, 12, 136, 12, 160, 12, 12, 12, 12, 136, 136, 136, 136, 12, 137, 12, 6, 134, 39, 6
DB 39, 6, 12, 4, 157, 25, 24, 24, 23, 22, 136, 4, 6, 39, 136, 12, 4, 4, 6, 39
DB 136, 4, 12, 135, 161, 39, 136, 4, 12, 135, 12, 136, 6, 12, 12, 136, 4, 158, 24, 24
DB 24, 23, 23, 135, 39, 6, 39, 136, 39, 6, 4, 12, 6, 136, 4, 136, 156, 160, 12, 12
DB 12, 136, 12, 136, 6, 135, 136, 135, 134, 6, 109, 6, 136, 135, 8, 8, 20, 8, 8, 8
DB 20, 234, 0, 0, 0, 0, 0, 0, 0, 0, 0, 0, 0, 0, 0, 0, 0, 0, 0, 0
DB 0, 23, 23, 8, 8, 8, 8, 8, 160, 136, 136, 12, 6, 12, 6, 12, 136, 4, 4, 4
DB 23, 6, 135, 6, 135, 136, 4, 6, 134, 12, 4, 135, 39, 136, 6, 135, 39, 136, 6, 158
DB 24, 25, 24, 23, 159, 135, 135, 135, 6, 4, 159, 12, 135, 4, 136, 12, 136, 4, 137, 161
DB 6, 4, 135, 136, 6, 135, 12, 135, 4, 6, 12, 136, 12, 24, 24, 24, 23, 22, 137, 136
DB 4, 6, 4, 136, 39, 136, 12, 135, 39, 6, 4, 135, 160, 136, 12, 136, 4, 4, 4, 12
DB 6, 12, 4, 12, 136, 4, 135, 4, 137, 135, 20, 8, 20, 8, 23, 8, 229, 0, 0, 0
DB 0, 0, 0, 0, 0, 0, 0, 0, 0, 0, 0, 0, 0, 0, 0, 0, 8, 8, 8, 160
DB 135, 136, 136, 136, 39, 6, 136, 4, 110, 4, 4, 4, 6, 136, 4, 12, 134, 12, 12, 136
DB 136, 135, 4, 6, 4, 135, 6, 4, 6, 39, 136, 6, 136, 39, 160, 24, 25, 24, 23, 160
DB 136, 39, 6, 39, 136, 39, 6, 135, 12, 6, 136, 4, 6, 136, 158, 158, 12, 4, 12, 135
DB 12, 4, 136, 12, 39, 136, 6, 135, 24, 25, 25, 23, 159, 136, 136, 39, 134, 6, 4, 6
DB 4, 136, 4, 4, 135, 4, 160, 12, 136, 12, 6, 4, 136, 4, 110, 4, 4, 136, 4, 39
DB 6, 39, 6, 136, 4, 136, 136, 136, 136, 8, 8, 234, 0, 0, 0, 0, 0, 0, 0, 0
DB 0, 0, 0, 0, 0, 0, 0, 0, 0, 0, 18, 136, 135, 6, 136, 4, 6, 4, 4, 6
DB 4, 4, 4, 4, 4, 136, 4, 4, 4, 4, 136, 4, 4, 136, 136, 136, 4, 4, 136, 110
DB 6, 39, 134, 4, 135, 6, 136, 39, 6, 160, 24, 24, 25, 22, 8, 136, 136, 4, 135, 4
DB 6, 136, 12, 4, 135, 12, 136, 4, 135, 158, 6, 12, 160, 135, 39, 6, 136, 12, 4, 6
DB 136, 39, 135, 24, 25, 24, 23, 8, 137, 39, 136, 6, 4, 39, 110, 6, 4, 4, 136, 4
DB 4, 136, 136, 4, 136, 4, 136, 4, 4, 4, 4, 4, 4, 4, 136, 4, 136, 4, 4, 4
DB 6, 4, 4, 4, 136, 136, 232, 18, 0, 0, 0, 0, 0, 0, 0, 0, 0, 0, 0, 0
DB 0, 0, 18, 136, 136, 4, 4, 4, 4, 4, 4, 135, 39, 136, 4, 135, 4, 4, 6, 4
DB 4, 4, 135, 4, 6, 4, 4, 136, 4, 136, 136, 4, 135, 39, 4, 4, 136, 4, 12, 4
DB 135, 39, 136, 136, 135, 24, 25, 24, 22, 20, 136, 4, 6, 4, 12, 110, 39, 136, 6, 12
DB 4, 4, 136, 136, 160, 12, 135, 6, 12, 136, 135, 39, 136, 6, 110, 6, 136, 136, 24, 24
DB 24, 23, 8, 136, 6, 4, 4, 135, 4, 6, 4, 135, 4, 6, 4, 136, 136, 136, 4, 4
DB 4, 4, 6, 4, 136, 4, 136, 4, 4, 4, 4, 4, 4, 135, 4, 4, 4, 136, 4, 4
DB 4, 4, 136, 4, 136, 183, 0, 0, 0, 0, 0, 0, 0, 0, 136, 136, 136, 4, 4, 6
DB 4, 6, 4, 136, 4, 4, 4, 137, 24, 157, 135, 4, 136, 4, 4, 136, 4, 39, 4, 4
DB 136, 4, 4, 6, 136, 136, 4, 4, 6, 136, 4, 6, 4, 136, 4, 6, 136, 4, 6, 135
DB 24, 25, 24, 22, 20, 136, 135, 39, 136, 4, 6, 4, 6, 109, 4, 134, 4, 4, 136, 135
DB 136, 12, 110, 6, 39, 6, 4, 136, 4, 39, 136, 4, 136, 23, 25, 24, 22, 20, 136, 110
DB 6, 4, 4, 136, 4, 4, 4, 4, 4, 4, 4, 136, 136, 4, 136, 4, 136, 4, 4, 4
DB 4, 4, 6, 4, 136, 4, 135, 24, 158, 159, 136, 4, 4, 4, 4, 136, 4, 6, 136, 4
DB 4, 136, 111, 0, 0, 0, 0, 0, 17, 136, 4, 12, 24, 39, 4, 136, 4, 4, 4, 4
DB 6, 4, 6, 24, 22, 160, 4, 4, 136, 4, 4, 6, 4, 136, 4, 4, 4, 136, 39, 136
DB 136, 4, 136, 4, 4, 4, 135, 4, 4, 135, 4, 39, 135, 4, 136, 23, 25, 24, 8, 230
DB 136, 4, 136, 4, 136, 4, 136, 39, 6, 135, 6, 136, 4, 136, 134, 6, 136, 12, 134, 6
DB 110, 6, 39, 135, 136, 4, 6, 136, 23, 25, 24, 22, 20, 136, 4, 4, 135, 4, 4, 4
DB 6, 4, 135, 4, 136, 4, 136, 136, 4, 4, 4, 4, 4, 136, 4, 6, 4, 136, 4, 4
DB 4, 41, 24, 22, 160, 4, 4, 4, 4, 4, 4, 4, 4, 12, 6, 4, 4, 4, 185, 0
DB 0, 0, 0, 17, 136, 4, 12, 24, 39, 4, 136, 4, 4, 4, 4, 6, 4, 6, 24, 22
DB 160, 4, 4, 136, 4, 4, 6, 4, 136, 4, 4, 4, 136, 39, 136, 136, 4, 136, 4, 4
DB 4, 135, 4, 4, 135, 4, 39, 135, 4, 136, 23, 25, 24, 8, 230, 136, 4, 136, 4, 136
DB 4, 136, 39, 6, 135, 6, 136, 4, 136, 134, 6, 136, 12, 134, 6, 110, 6, 39, 135, 136
DB 4, 6, 136, 23, 25, 24, 22, 20, 136, 4, 4, 135, 4, 4, 4, 6, 4, 135, 4, 136
DB 4, 136, 136, 4, 4, 4, 4, 4, 136, 4, 6, 4, 136, 4, 4, 4, 41, 24, 22, 160
DB 4, 4, 4, 4, 4, 4, 4, 4, 12, 6, 4, 4, 4, 185, 0, 0, 0, 0, 0, 4
DB 4, 162, 12, 4, 136, 4, 4, 135, 4, 135, 4, 4, 135, 24, 22, 136, 136, 4, 4, 4
DB 4, 4, 4, 4, 4, 4, 6, 4, 136, 136, 136, 136, 4, 4, 4, 6, 4, 4, 4, 6
DB 4, 136, 6, 4, 136, 22, 25, 23, 8, 230, 136, 136, 4, 4, 4, 4, 4, 4, 134, 135
DB 135, 4, 4, 136, 136, 136, 39, 136, 136, 39, 4, 4, 136, 4, 4, 6, 110, 136, 22, 25
DB 24, 8, 20, 136, 4, 136, 136, 4, 135, 6, 110, 4, 4, 4, 4, 4, 136, 136, 4, 136
DB 4, 136, 4, 4, 4, 110, 4, 4, 4, 136, 4, 136, 24, 22, 135, 136, 4, 136, 4, 4
DB 4, 4, 4, 136, 4, 4, 6, 4, 208, 0, 0, 0, 0, 17, 136, 4, 6, 4, 136, 4
DB 4, 4, 4, 4, 4, 4, 135, 39, 24, 22, 136, 4, 4, 136, 4, 136, 4, 136, 4, 6
DB 4, 110, 4, 4, 136, 111, 4, 4, 136, 4, 110, 39, 136, 4, 135, 4, 4, 4, 135, 136
DB 8, 23, 23, 8, 19, 136, 4, 6, 136, 4, 136, 4, 160, 8, 160, 136, 4, 136, 136, 136
DB 4, 137, 136, 6, 136, 4, 136, 4, 6, 4, 135, 4, 136, 20, 23, 22, 8, 19, 136, 136
DB 136, 4, 135, 136, 110, 4, 6, 4, 136, 4, 4, 136, 136, 4, 4, 4, 4, 4, 6, 4
DB 4, 6, 4, 136, 4, 4, 6, 24, 158, 20, 4, 4, 4, 4, 4, 136, 4, 4, 4, 4
DB 136, 4, 4, 208, 0, 0, 0, 0, 17, 4, 4, 110, 4, 4, 4, 4, 135, 4, 6, 4
DB 4, 4, 136, 24, 8, 231, 4, 4, 4, 4, 4, 4, 4, 4, 4, 4, 4, 6, 4, 136
DB 136, 4, 4, 4, 6, 4, 4, 4, 4, 4, 135, 6, 4, 4, 136, 20, 22, 22, 20, 19
DB 136, 4, 4, 4, 4, 4, 136, 136, 160, 135, 136, 4, 4, 136, 8, 160, 136, 4, 136, 136
DB 4, 4, 4, 4, 136, 4, 136, 136, 229, 22, 22, 8, 19, 136, 4, 136, 136, 136, 136, 137
DB 135, 4, 4, 4, 6, 4, 136, 136, 4, 4, 6, 4, 4, 4, 136, 4, 4, 4, 4, 4
DB 136, 4, 24, 22, 20, 4, 136, 4, 6, 4, 4, 4, 136, 4, 4, 4, 4, 4, 208, 0
DB 0, 0, 0, 17, 136, 4, 6, 4, 136, 4, 136, 4, 4, 4, 135, 4, 6, 4, 23, 8
DB 136, 136, 4, 136, 4, 136, 4, 4, 136, 4, 136, 4, 4, 4, 113, 136, 4, 136, 4, 4
DB 4, 6, 4, 136, 4, 4, 4, 135, 4, 136, 20, 22, 22, 20, 232, 136, 136, 136, 4, 136
DB 136, 4, 111, 136, 136, 4, 136, 111, 136, 136, 160, 4, 136, 4, 136, 136, 136, 4, 136, 4
DB 136, 4, 136, 19, 8, 8, 8, 237, 111, 136, 136, 4, 136, 136, 136, 135, 4, 136, 4, 4
DB 4, 111, 136, 136, 4, 4, 4, 136, 4, 4, 4, 136, 4, 136, 4, 4, 4, 157, 8, 20
DB 4, 4, 4, 4, 6, 4, 4, 4, 4, 4, 4, 136, 4, 183, 0, 0, 0, 0, 183, 136
DB 4, 4, 4, 4, 4, 4, 4, 136, 4, 4, 4, 4, 4, 137, 8, 231, 4, 4, 4, 4
DB 4, 4, 136, 4, 4, 4, 4, 4, 136, 136, 207, 136, 4, 4, 4, 136, 4, 136, 4, 136
DB 135, 135, 135, 137, 229, 19, 8, 8, 20, 19, 232, 20, 136, 8, 20, 136, 8, 8, 137, 136
DB 8, 8, 137, 235, 20, 160, 8, 160, 8, 20, 135, 135, 8, 135, 20, 135, 20, 231, 19, 8
DB 22, 20, 19, 234, 136, 136, 136, 136, 111, 136, 111, 136, 4, 4, 136, 4, 136, 136, 4, 4
DB 4, 136, 4, 4, 136, 4, 4, 4, 4, 136, 4, 136, 137, 161, 230, 136, 4, 136, 4, 4
DB 4, 136, 4, 4, 136, 4, 4, 4, 208, 0, 0, 0, 0, 17, 4, 4, 136, 4, 6, 4
DB 6, 6, 4, 4, 136, 4, 136, 4, 135, 8, 232, 111, 136, 4, 136, 4, 136, 4, 136, 135
DB 135, 160, 159, 160, 20, 232, 135, 8, 8, 8, 160, 8, 134, 8, 8, 135, 20, 20, 20, 19
DB 235, 8, 8, 20, 19, 19, 20, 20, 20, 20, 20, 20, 20, 20, 8, 20, 20, 20, 20, 20
DB 8, 8, 8, 20, 20, 20, 20, 20, 20, 20, 20, 19, 19, 19, 20, 8, 20, 19, 19, 20
DB 235, 20, 20, 20, 20, 137, 135, 8, 8, 135, 8, 234, 20, 8, 8, 8, 135, 136, 136, 136
DB 4, 136, 136, 4, 4, 136, 4, 136, 8, 230, 4, 4, 4, 4, 4, 4, 4, 4, 4, 4
DB 4, 4, 136, 112, 0, 0, 0, 0, 17, 136, 4, 4, 4, 4, 110, 4, 4, 135, 4, 4
DB 136, 4, 136, 231, 20, 234, 235, 20, 20, 20, 8, 135, 8, 135, 8, 8, 20, 8, 8, 20
DB 19, 8, 8, 8, 20, 20, 20, 20, 20, 20, 20, 20, 20, 20, 19, 19, 20, 8, 20, 19
DB 19, 20, 20, 20, 20, 20, 20, 20, 8, 20, 8, 20, 20, 20, 20, 8, 8, 8, 8, 20
DB 20, 20, 20, 20, 20, 19, 20, 19, 19, 20, 8, 20, 19, 19, 20, 20, 20, 20, 20, 20
DB 20, 20, 20, 20, 20, 20, 20, 20, 20, 8, 20, 8, 20, 135, 8, 8, 136, 20, 8, 20
DB 230, 229, 232, 20, 20, 136, 136, 4, 136, 136, 4, 136, 4, 136, 4, 4, 4, 4, 208, 0
DB 0, 0, 0, 184, 136, 4, 136, 4, 136, 136, 135, 159, 160, 8, 8, 135, 20, 229, 234, 8
DB 19, 19, 235, 229, 20, 20, 20, 20, 20, 20, 8, 20, 8, 20, 20, 19, 20, 8, 20, 8
DB 8, 20, 8, 20, 20, 20, 20, 20, 20, 19, 19, 20, 8, 20, 19, 19, 20, 20, 20, 20
DB 20, 8, 20, 20, 8, 8, 20, 20, 19, 8, 8, 8, 8, 8, 20, 8, 20, 20, 20, 20
DB 20, 19, 19, 19, 20, 8, 20, 19, 19, 19, 20, 20, 20, 20, 20, 20, 20, 20, 20, 8
DB 20, 19, 20, 8, 20, 20, 8, 20, 20, 20, 20, 20, 20, 20, 20, 235, 19, 19, 20, 19
DB 231, 235, 20, 135, 135, 8, 137, 135, 136, 135, 4, 136, 4, 183, 0, 0, 0, 0, 17, 20
DB 160, 160, 8, 160, 160, 8, 8, 20, 8, 20, 20, 20, 19, 19, 20, 19, 19, 19, 20, 20
DB 20, 20, 8, 20, 8, 20, 8, 8, 8, 19, 19, 8, 20, 8, 8, 20, 8, 20, 20, 20
DB 20, 20, 20, 20, 19, 19, 20, 8, 20, 18, 19, 20, 20, 20, 20, 20, 20, 20, 8, 8
DB 8, 20, 20, 20, 8, 8, 8, 8, 8, 8, 20, 20, 20, 20, 20, 19, 19, 19, 19, 20
DB 8, 20, 19, 19, 20, 20, 20, 20, 20, 20, 20, 20, 20, 8, 20, 20, 20, 20, 20, 20
DB 8, 20, 20, 8, 20, 20, 20, 20, 20, 19, 19, 19, 19, 8, 19, 19, 229, 20, 20, 20
DB 20, 20, 20, 8, 137, 8, 8, 20, 0, 0, 0, 0, 0, 17, 20, 8, 20, 8, 8, 8
DB 8, 20, 8, 20, 20, 20, 20, 19, 19, 20, 19, 19, 19, 19, 20, 20, 20, 20, 20, 20
DB 8, 20, 8, 8, 20, 19, 20, 8, 20, 20, 8, 20, 20, 20, 20, 20, 20, 20, 19, 19
DB 19, 20, 20, 20, 19, 19, 20, 20, 20, 20, 20, 8, 20, 8, 20, 8, 20, 20, 19, 20
DB 8, 8, 8, 8, 20, 8, 20, 20, 20, 19, 20, 19, 19, 18, 20, 20, 20, 19, 19, 19
DB 20, 19, 20, 20, 20, 20, 20, 8, 20, 20, 20, 19, 20, 8, 20, 8, 20, 8, 20, 20
DB 20, 20, 20, 19, 19, 19, 19, 19, 20, 19, 19, 19, 20, 20, 20, 8, 20, 8, 20, 20
DB 20, 20, 20, 19, 0, 0, 0, 0, 0, 20, 8, 8, 8, 8, 20, 8, 8, 20, 8, 20
DB 20, 20, 19, 19, 20, 19, 19, 19, 20, 19, 20, 20, 20, 8, 20, 8, 20, 20, 8, 20
DB 19, 8, 20, 8, 8, 20, 20, 8, 20, 20, 20, 20, 20, 20, 19, 19, 20, 20, 19, 19
DB 19, 19, 20, 20, 20, 20, 20, 8, 20, 8, 8, 20, 20, 20, 8, 8, 8, 8, 8, 8
DB 20, 8, 20, 20, 20, 20, 19, 19, 19, 20, 20, 20, 19, 19, 20, 20, 20, 20, 20, 20
DB 20, 20, 20, 20, 8, 20, 20, 20, 20, 8, 20, 20, 20, 20, 20, 20, 20, 20, 20, 19
DB 19, 19, 19, 20, 19, 19, 19, 20, 20, 20, 20, 20, 20, 8, 20, 8, 20, 20, 19, 0
DB 0, 0, 0, 17, 20, 8, 8, 20, 8, 8, 8, 8, 8, 20, 20, 20, 19, 19, 19, 20
DB 19, 19, 19, 19, 20, 20, 20, 20, 20, 8, 20, 8, 8, 8, 20, 19, 20, 8, 8, 20
DB 8, 20, 20, 20, 20, 20, 20, 20, 19, 19, 19, 20, 8, 19, 19, 19, 20, 20, 20, 20
DB 20, 20, 20, 8, 20, 8, 20, 20, 20, 20, 8, 8, 8, 8, 8, 8, 20, 20, 20, 19
DB 20, 19, 19, 18, 20, 20, 20, 19, 19, 19, 20, 20, 20, 20, 20, 20, 8, 20, 20, 20
DB 20, 19, 20, 8, 20, 20, 8, 20, 8, 20, 20, 20, 20, 20, 19, 19, 19, 18, 20, 19
DB 19, 19, 20, 20, 20, 20, 8, 20, 20, 20, 20, 20, 20, 19, 0, 0, 0, 0, 0, 20
DB 8, 20, 8, 8, 8, 20, 8, 20, 8, 20, 20, 20, 19, 19, 19, 19, 19, 19, 20, 20
DB 20, 20, 20, 8, 20, 20, 8, 20, 8, 20, 19, 20, 8, 20, 8, 20, 20, 8, 20, 20
DB 20, 20, 20, 20, 19, 19, 19, 20, 19, 19, 19, 20, 20, 20, 20, 8, 20, 8, 8, 8
DB 8, 20, 20, 20, 20, 8, 8, 8, 8, 20, 8, 20, 20, 20, 20, 20, 19, 19, 18, 19
DB 20, 19, 19, 19, 19, 20, 20, 20, 20, 20, 20, 20, 20, 20, 8, 20, 20, 20, 20, 20
DB 8, 20, 20, 20, 20, 20, 20, 19, 20, 19, 19, 19, 19, 20, 19, 19, 19, 20, 20, 20
DB 20, 20, 20, 8, 20, 8, 20, 20, 19, 0, 0, 0, 0, 17, 20, 20, 8, 8, 20, 8
DB 8, 8, 20, 20, 20, 20, 20, 19, 19, 19, 19, 19, 20, 19, 20, 20, 20, 20, 20, 8
DB 8, 8, 8, 20, 19, 19, 8, 20, 8, 8, 8, 20, 20, 20, 20, 20, 20, 20, 19, 19
DB 19, 19, 20, 19, 19, 19, 20, 20, 20, 20, 20, 8, 20, 8, 8, 8, 20, 20, 19, 8
DB 8, 8, 8, 8, 8, 20, 8, 20, 20, 20, 20, 19, 19, 19, 19, 19, 20, 19, 19, 20
DB 20, 20, 20, 20, 20, 20, 8, 8, 8, 20, 20, 19, 20, 8, 8, 8, 8, 20, 20, 20
DB 20, 20, 20, 20, 19, 19, 19, 19, 19, 19, 19, 20, 20, 20, 20, 8, 20, 8, 20, 8
DB 20, 8, 20, 19, 0, 0, 0, 0, 0, 20, 8, 8, 22, 8, 8, 8, 20, 8, 20, 20
DB 20, 20, 19, 19, 19, 19, 19, 19, 20, 20, 20, 20, 8, 20, 8, 24, 23, 22, 8, 19
DB 19, 20, 8, 23, 23, 22, 20, 20, 20, 20, 20, 20, 20, 20, 19, 19, 19, 19, 19, 19
DB 19, 20, 20, 20, 20, 8, 20, 20, 23, 23, 22, 8, 20, 19, 20, 8, 22, 22, 23, 8
DB 8, 20, 8, 20, 20, 20, 19, 19, 19, 19, 19, 19, 19, 19, 19, 20, 20, 20, 20, 20
DB 20, 22, 22, 23, 8, 8, 20, 20, 8, 24, 23, 22, 8, 20, 8, 20, 20, 20, 19, 20
DB 19, 19, 19, 19, 19, 19, 19, 20, 20, 20, 20, 20, 20, 8, 22, 22, 8, 20, 19, 0
DB 0, 0, 0, 0, 20, 8, 8, 22, 8, 8, 8, 20, 8, 20, 20, 20, 20, 19, 19, 19
DB 19, 19, 19, 20, 20, 20, 20, 8, 20, 8, 24, 23, 22, 8, 19, 19, 20, 8, 23, 23
DB 22, 20, 20, 20, 20, 20, 20, 20, 20, 19, 19, 19, 19, 19, 19, 19, 20, 20, 20, 20
DB 8, 20, 20, 23, 23, 22, 8, 20, 19, 20, 8, 22, 22, 23, 8, 8, 20, 8, 20, 20
DB 20, 19, 19, 19, 19, 19, 19, 19, 19, 19, 20, 20, 20, 20, 20, 20, 22, 22, 23, 8
DB 8, 20, 20, 8, 24, 23, 22, 8, 20, 8, 20, 20, 20, 19, 20, 19, 19, 19, 19, 19
DB 19, 19, 20, 20, 20, 20, 20, 20, 8, 22, 22, 8, 20, 19, 0, 0, 0, 0, 17, 20
DB 8, 23, 23, 22, 8, 8, 8, 20, 8, 20, 20, 20, 20, 19, 19, 19, 19, 20, 20, 20
DB 20, 20, 20, 20, 20, 23, 23, 23, 8, 19, 19, 8, 20, 23, 23, 22, 8, 8, 20, 20
DB 20, 20, 20, 19, 19, 19, 19, 19, 19, 19, 19, 20, 20, 20, 20, 20, 20, 20, 22, 23
DB 22, 20, 20, 19, 20, 20, 8, 22, 23, 22, 8, 8, 20, 20, 20, 20, 19, 19, 19, 19
DB 19, 19, 19, 19, 20, 20, 20, 20, 20, 20, 20, 8, 22, 23, 22, 20, 20, 20, 8, 22
DB 23, 22, 8, 20, 20, 20, 20, 20, 20, 19, 20, 19, 19, 19, 19, 19, 20, 20, 20, 20
DB 20, 20, 8, 22, 22, 22, 8, 20, 19, 0, 0, 0, 0, 0, 20, 20, 20, 8, 20, 8
DB 20, 20, 8, 20, 20, 20, 20, 20, 19, 19, 19, 20, 20, 20, 20, 20, 20, 20, 8, 20
DB 8, 8, 8, 20, 20, 19, 8, 20, 20, 8, 20, 20, 20, 20, 20, 20, 20, 20, 20, 19
DB 19, 19, 19, 19, 19, 19, 20, 20, 20, 20, 8, 20, 20, 20, 8, 20, 20, 20, 19, 20
DB 20, 20, 20, 8, 8, 20, 20, 8, 20, 20, 20, 19, 19, 19, 19, 19, 19, 19, 19, 19
DB 20, 20, 20, 20, 20, 8, 20, 20, 8, 20, 20, 20, 20, 20, 8, 20, 20, 20, 20, 20
DB 20, 20, 20, 20, 20, 20, 19, 19, 19, 19, 19, 20, 20, 20, 20, 8, 20, 20, 20, 20
DB 20, 20, 20, 19, 0, 0, 0, 0, 17, 19, 19, 19, 19, 19, 19, 19, 19, 19, 19, 20
DB 19, 19, 19, 19, 19, 19, 19, 20, 19, 20, 20, 20, 20, 20, 20, 20, 20, 20, 20, 20
DB 19, 20, 8, 20, 20, 20, 20, 8, 20, 20, 20, 20, 20, 19, 19, 19, 19, 19, 19, 19
DB 19, 20, 20, 20, 20, 20, 20, 20, 20, 19, 20, 20, 20, 19, 20, 8, 20, 20, 20, 20
DB 8, 8, 20, 20, 20, 20, 19, 19, 19, 19, 19, 19, 19, 19, 20, 20, 20, 20, 20, 20
DB 20, 20, 20, 20, 20, 20, 19, 20, 20, 20, 20, 20, 20, 20, 20, 20, 20, 20, 19, 19
DB 19, 19, 19, 19, 19, 19, 19, 19, 19, 19, 19, 19, 19, 19, 19, 19, 19, 19, 19, 0
DB 0, 0, 0, 0, 18, 19, 20, 20, 19, 19, 18, 18, 18, 18, 18, 19, 18, 18, 18, 18
DB 18, 18, 18, 18, 18, 19, 18, 19, 18, 19, 18, 19, 18, 19, 18, 18, 19, 18, 19, 18
DB 19, 19, 18, 19, 19, 19, 18, 19, 18, 18, 18, 18, 18, 18, 18, 18, 18, 19, 19, 19
DB 19, 19, 19, 19, 19, 19, 19, 19, 19, 19, 19, 19, 19, 19, 19, 19, 19, 19, 19, 19
DB 18, 19, 18, 18, 18, 18, 18, 18, 18, 18, 18, 19, 18, 19, 18, 19, 18, 19, 18, 19
DB 18, 18, 19, 19, 18, 19, 18, 19, 19, 18, 18, 18, 18, 19, 18, 18, 18, 18, 18, 18
DB 18, 18, 19, 18, 18, 18, 19, 18, 19, 19, 19, 19, 18, 19, 0, 0, 0, 0, 17, 18
DB 19, 19, 19, 19, 18, 19, 19, 19, 19, 19, 19, 19, 19, 19, 19, 19, 18, 19, 19, 18
DB 18, 18, 18, 18, 18, 18, 18, 18, 18, 18, 18, 18, 18, 18, 18, 18, 18, 19, 19, 18
DB 18, 19, 18, 19, 19, 18, 19, 18, 18, 208, 18, 208, 208, 208, 208, 208, 18, 18, 18, 208
DB 18, 208, 208, 18, 208, 18, 208, 208, 18, 208, 208, 208, 18, 208, 208, 208, 208, 208, 208, 18
DB 18, 19, 18, 19, 18, 19, 18, 19, 18, 19, 18, 19, 18, 18, 18, 18, 18, 18, 18, 18
DB 18, 18, 18, 18, 18, 18, 19, 18, 18, 19, 19, 19, 19, 19, 19, 19, 19, 19, 19, 19
DB 19, 19, 19, 20, 20, 19, 19, 19, 19, 0, 0, 0, 0, 17, 18, 18, 19, 19, 19, 18
DB 19, 19, 19, 19, 19, 18, 19, 18, 18, 18, 18, 18, 18, 18, 18, 18, 18, 18, 18, 18
DB 18, 19, 19, 18, 19, 19, 19, 19, 19, 19, 19, 19, 19, 19, 19, 19, 19, 19, 19, 19
DB 19, 19, 18, 208, 112, 112, 113, 4, 111, 113, 111, 231, 113, 111, 113, 111, 4, 113, 4, 4
DB 111, 4, 113, 111, 113, 111, 113, 4, 111, 111, 208, 113, 111, 112, 208, 19, 19, 19, 19, 19
DB 19, 19, 19, 19, 19, 19, 19, 19, 19, 19, 19, 19, 19, 19, 18, 19, 18, 18, 18, 18
DB 18, 18, 18, 18, 18, 18, 18, 18, 18, 18, 18, 19, 18, 18, 19, 19, 19, 18, 19, 19
DB 19, 18, 19, 18, 0, 0, 0, 0, 17, 19, 19, 18, 18, 18, 18, 19, 19, 18, 18, 18
DB 19, 18, 18, 18, 18, 18, 18, 18, 18, 18, 18, 18, 18, 18, 18, 19, 19, 19, 19, 19
DB 19, 19, 19, 19, 18, 19, 19, 18, 19, 18, 19, 19, 19, 19, 19, 20, 19, 19, 208, 112
DB 113, 4, 4, 4, 111, 113, 111, 113, 4, 4, 4, 4, 111, 4, 113, 4, 4, 4, 4, 4
DB 111, 4, 4, 4, 113, 136, 208, 208, 113, 208, 18, 19, 20, 19, 19, 19, 19, 18, 19, 18
DB 19, 18, 19, 18, 19, 18, 19, 19, 19, 19, 19, 19, 19, 18, 18, 18, 18, 18, 18, 18
DB 18, 18, 19, 18, 19, 19, 18, 18, 19, 19, 19, 19, 19, 18, 18, 19, 18, 19, 18, 0
DB 0, 0, 0, 0, 0, 19, 19, 19, 19, 18, 18, 19, 19, 19, 19, 18, 19, 18, 19, 18
DB 18, 18, 18, 18, 18, 17, 18, 18, 18, 18, 19, 19, 19, 19, 18, 18, 18, 18, 18, 18
DB 18, 18, 18, 18, 18, 18, 18, 18, 18, 18, 19, 18, 19, 208, 4, 4, 4, 113, 4, 4
DB 113, 4, 4, 136, 111, 210, 232, 209, 224, 19, 18, 19, 207, 136, 113, 4, 111, 113, 4, 4
DB 111, 113, 111, 111, 208, 19, 19, 18, 18, 18, 18, 18, 19, 18, 18, 18, 18, 18, 18, 18
DB 18, 18, 18, 18, 19, 19, 20, 19, 18, 18, 18, 18, 18, 18, 18, 18, 18, 18, 19, 18
DB 18, 19, 18, 18, 18, 19, 19, 18, 18, 19, 18, 18, 17, 0, 0, 0, 0, 0, 0, 0
DB 0, 0, 0, 17, 19, 19, 19, 18, 19, 18, 19, 18, 19, 18, 19, 18, 18, 18, 18, 18
DB 18, 18, 18, 18, 18, 19, 19, 18, 18, 18, 18, 19, 18, 19, 18, 19, 18, 18, 18, 18
DB 18, 18, 18, 18, 18, 18, 18, 207, 113, 111, 4, 4, 4, 111, 113, 111, 4, 111, 208, 18
DB 18, 19, 18, 19, 19, 19, 19, 18, 18, 208, 136, 4, 4, 111, 111, 113, 4, 113, 4, 111
DB 209, 18, 18, 18, 18, 18, 18, 18, 19, 18, 18, 18, 19, 18, 18, 18, 18, 18, 18, 18
DB 18, 18, 19, 18, 18, 18, 17, 18, 18, 18, 18, 19, 18, 18, 19, 18, 19, 18, 19, 18
DB 19, 19, 18, 17, 0, 0, 0, 0, 0, 0, 0, 0, 0, 0, 0, 0, 0, 0, 0, 0
DB 0, 18, 19, 19, 18, 19, 19, 18, 19, 18, 18, 19, 18, 18, 18, 18, 17, 18, 18, 18
DB 18, 18, 18, 18, 18, 18, 19, 18, 18, 18, 19, 18, 18, 18, 19, 18, 18, 18, 18, 18
DB 18, 18, 232, 111, 4, 4, 136, 111, 113, 4, 113, 4, 209, 18, 19, 19, 19, 19, 19, 19
DB 19, 19, 19, 19, 18, 208, 4, 111, 113, 4, 113, 111, 113, 111, 113, 19, 18, 18, 18, 18
DB 18, 18, 18, 18, 18, 18, 18, 19, 18, 19, 18, 18, 18, 19, 18, 18, 18, 18, 18, 18
DB 18, 18, 18, 18, 18, 19, 18, 18, 19, 18, 19, 18, 19, 18, 19, 18, 0, 0, 0, 0
DB 0, 0, 0, 0, 0, 0, 0, 0, 0, 0, 0, 0, 0, 0, 0, 0, 19, 18, 19, 18
DB 19, 19, 19, 18, 19, 18, 19, 18, 18, 18, 18, 18, 18, 18, 18, 18, 18, 18, 18, 18
DB 19, 19, 18, 18, 18, 19, 18, 18, 18, 18, 18, 18, 18, 18, 18, 18, 18, 208, 113, 4
DB 136, 4, 4, 4, 111, 111, 113, 207, 234, 19, 20, 20, 20, 19, 20, 19, 20, 19, 20, 19
DB 208, 113, 113, 4, 4, 111, 113, 4, 4, 111, 232, 18, 18, 18, 18, 18, 18, 19, 18, 18
DB 19, 18, 19, 18, 18, 18, 18, 18, 18, 18, 18, 18, 19, 18, 18, 18, 18, 18, 18, 18
DB 18, 19, 19, 19, 19, 19, 19, 19, 19, 18, 17, 0, 0, 0, 0, 0, 0, 0, 0, 0
DB 0, 0, 0, 0, 0, 0, 0, 0, 0, 0, 0, 19, 18, 19, 19, 19, 19, 19, 19, 19
DB 19, 19, 19, 19, 18, 18, 18, 17, 17, 18, 19, 18, 18, 18, 18, 18, 19, 18, 19, 18
DB 19, 18, 18, 18, 19, 18, 18, 18, 18, 18, 18, 18, 18, 207, 111, 4, 113, 207, 209, 209
DB 18, 18, 18, 19, 19, 19, 19, 19, 20, 19, 19, 19, 20, 19, 19, 18, 18, 18, 207, 209
DB 111, 4, 111, 113, 208, 18, 18, 18, 18, 18, 18, 18, 18, 19, 18, 18, 19, 19, 18, 19
DB 18, 18, 18, 19, 18, 18, 18, 18, 18, 17, 18, 18, 18, 18, 19, 19, 19, 19, 19, 19
DB 19, 19, 19, 19, 19, 17, 0, 0, 0, 0, 0, 0, 0, 0, 0, 0, 0, 0, 0, 0
DB 0, 0, 0, 0, 0, 0, 18, 19, 19, 19, 19, 18, 19, 18, 18, 18, 18, 18, 19, 19
DB 18, 18, 18, 18, 18, 18, 18, 18, 18, 19, 18, 19, 19, 18, 19, 19, 19, 19, 18, 19
DB 19, 18, 19, 18, 18, 18, 18, 18, 18, 208, 113, 208, 18, 18, 18, 19, 19, 18, 19, 19
DB 20, 20, 20, 19, 19, 20, 19, 19, 19, 19, 19, 18, 19, 18, 18, 208, 136, 4, 208, 18
DB 18, 18, 18, 18, 19, 19, 18, 19, 19, 19, 19, 18, 19, 19, 18, 19, 19, 18, 18, 19
DB 18, 18, 18, 18, 17, 17, 18, 19, 19, 19, 18, 18, 18, 18, 18, 19, 18, 19, 19, 19
DB 0, 0, 0, 0, 0, 0, 0, 0, 0, 0, 0, 0, 0, 0, 0, 0, 0, 0, 0, 0
DB 0, 0, 19, 19, 18, 18, 18, 18, 19, 18, 19, 19, 18, 18, 18, 19, 18, 0, 0, 17
DB 18, 19, 18, 19, 18, 19, 19, 19, 19, 19, 19, 19, 19, 19, 19, 19, 18, 18, 19, 18
DB 18, 18, 18, 18, 18, 208, 18, 18, 19, 19, 19, 19, 19, 19, 19, 19, 19, 19, 19, 19
DB 19, 19, 19, 19, 19, 19, 19, 19, 19, 232, 18, 208, 18, 18, 18, 18, 18, 18, 18, 19
DB 18, 19, 19, 19, 19, 19, 19, 19, 19, 19, 19, 19, 19, 19, 19, 18, 18, 18, 17, 0
DB 0, 0, 19, 18, 17, 18, 18, 19, 19, 19, 19, 18, 18, 18, 18, 0, 0, 0, 0, 0
DB 0, 0, 0, 0, 0, 0, 0, 0, 0, 0, 0, 0, 0, 0, 0, 0, 0, 0, 19, 18
DB 18, 18, 19, 19, 19, 19, 18, 18, 18, 18, 19, 0, 0, 0, 0, 18, 19, 19, 18, 19
DB 19, 19, 19, 19, 19, 19, 19, 19, 19, 19, 19, 19, 19, 19, 18, 19, 18, 18, 18, 18
DB 17, 19, 19, 19, 20, 19, 20, 19, 20, 19, 20, 19, 19, 207, 232, 19, 19, 20, 19, 20
DB 20, 19, 20, 19, 19, 19, 18, 18, 18, 18, 18, 19, 18, 19, 18, 19, 19, 19, 19, 19
DB 19, 19, 19, 19, 19, 19, 19, 19, 19, 18, 19, 18, 17, 0, 0, 0, 0, 17, 18, 18
DB 18, 19, 19, 19, 18, 19, 18, 18, 18, 0, 0, 0, 0, 0, 0, 0, 0, 0, 0, 0
DB 0, 0, 0, 0, 0, 0, 0, 0, 0, 0, 0, 0, 0, 19, 18, 18, 18, 19, 19, 19
DB 19, 18, 18, 18, 18, 19, 0, 0, 0, 0, 18, 19, 19, 18, 19, 19, 19, 19, 19, 19
DB 19, 19, 19, 19, 19, 19, 19, 19, 19, 18, 19, 18, 18, 18, 18, 17, 19, 19, 19, 20
DB 19, 20, 19, 20, 19, 20, 19, 19, 207, 232, 19, 19, 20, 19, 20, 20, 19, 20, 19, 19
DB 19, 18, 18, 18, 18, 18, 19, 18, 19, 18, 19, 19, 19, 19, 19, 19, 19, 19, 19, 19
DB 19, 19, 19, 19, 18, 19, 18, 17, 0, 0, 0, 0, 17, 18, 18, 18, 19, 19, 19, 18
DB 19, 18, 18, 18, 0, 0, 0, 0, 0, 0, 0, 0, 0, 0, 0, 0, 0, 0, 0, 0
DB 0, 0, 0, 0, 0, 0, 0, 0, 0, 17, 18, 19, 19, 19, 19, 19, 19, 18, 18, 0
DB 0, 0, 0, 0, 0, 18, 19, 19, 19, 19, 19, 18, 18, 18, 18, 17, 18, 18, 18, 18
DB 19, 19, 19, 19, 19, 18, 19, 17, 17, 17, 18, 19, 19, 19, 19, 20, 19, 19, 19, 19
DB 19, 19, 19, 232, 136, 19, 19, 19, 20, 19, 19, 19, 19, 20, 19, 19, 18, 18, 18, 18
DB 18, 19, 19, 19, 19, 19, 19, 18, 18, 18, 18, 18, 17, 18, 18, 18, 19, 19, 19, 19
DB 19, 19, 17, 0, 0, 0, 0, 0, 0, 17, 17, 18, 19, 19, 19, 19, 18, 17, 0, 0
DB 0, 0, 0, 0, 0, 0, 0, 0, 0, 0, 0, 0, 0, 0, 0, 0, 0, 0, 0, 0
DB 0, 0, 0, 0, 0, 0, 0, 17, 19, 19, 18, 0, 0, 0, 0, 0, 0, 0, 0, 0
DB 0, 19, 19, 19, 18, 18, 18, 18, 19, 19, 19, 18, 19, 19, 18, 18, 18, 18, 19, 19
DB 19, 17, 0, 0, 0, 0, 0, 17, 19, 20, 19, 19, 20, 19, 20, 19, 19, 17, 0, 0
DB 17, 19, 20, 19, 20, 19, 20, 19, 19, 17, 0, 0, 0, 0, 0, 0, 0, 19, 19, 19
DB 17, 18, 18, 18, 19, 19, 19, 19, 19, 19, 18, 18, 17, 18, 19, 19, 18, 0, 0, 0
DB 0, 0, 0, 0, 0, 0, 0, 0, 17, 17, 0, 0, 0, 0, 0, 0, 0, 0, 0, 0
DB 0, 0, 0, 0, 0, 0, 0, 0, 0, 0, 0, 0, 0, 0, 0, 0, 0, 0, 0, 0
DB 0, 0, 0, 0, 0, 0, 0, 0, 0, 0, 0, 0, 0, 0, 0, 0, 17, 19, 19, 17
DB 18, 19, 19, 19, 19, 19, 19, 19, 18, 18, 18, 17, 17, 18, 19, 18, 0, 0, 0, 0
DB 0, 0, 0, 0, 0, 0, 17, 0, 17, 0, 0, 0, 0, 0, 0, 0, 0, 0, 0, 0
DB 17, 0, 0, 0, 0, 0, 0, 0, 0, 0, 0, 0, 18, 19, 18, 17, 18, 18, 19, 19
DB 19, 19, 19, 19, 19, 19, 18, 17, 18, 19, 19, 0, 0, 0, 0, 0, 0, 0, 0, 0
DB 0, 0, 0, 0, 0, 0, 0, 0, 0, 0, 0, 0, 0, 0, 0, 0, 0, 0, 0, 0
DB 0, 0, 0, 0, 0, 0, 0, 0, 0, 0, 0, 0, 0, 0, 0, 0, 0, 0, 0, 0
DB 0, 0, 0, 0, 0, 0, 0, 0, 0, 0, 0, 0, 17, 19, 18, 17, 18, 19, 19, 19
DB 19, 19, 19, 19, 19, 18, 18, 18, 19, 18, 0, 0, 0, 0, 0, 0, 0, 0, 0, 0
DB 0, 0, 0, 0, 0, 0, 0, 0, 0, 0, 0, 0, 0, 0, 0, 0, 0, 0, 0, 0
DB 0, 0, 0, 0, 0, 0, 0, 0, 17, 19, 18, 17, 18, 19, 18, 19, 19, 19, 19, 18
DB 19, 18, 18, 18, 18, 0, 0, 0, 0, 0, 0, 0, 0, 0, 0, 0, 0, 0, 0, 0
DB 0, 0, 0, 0, 0, 0, 0, 0, 0, 0, 0, 0, 0, 0, 0, 0, 0, 0, 0, 0
DB 0, 0, 0, 0, 0, 0, 0, 0, 0, 0, 0, 0, 0, 0, 0, 0, 0, 0, 0, 0
DB 0, 0, 0, 0, 0, 0, 0, 0, 0, 19, 18, 18, 19, 19, 19, 19, 19, 19, 19, 18
DB 18, 18, 17, 0, 0, 0, 0, 0, 0, 0, 0, 0, 0, 0, 0, 0, 0, 0, 0, 0
DB 0, 0, 0, 0, 0, 0, 0, 0, 0, 0, 0, 0, 0, 0, 0, 0, 0, 0, 0, 0
DB 0, 0, 0, 0, 0, 17, 18, 18, 18, 19, 19, 19, 19, 19, 19, 19, 18, 17, 17, 0
DB 0, 0, 0, 0, 0, 0, 0, 0, 0, 0, 0, 0, 0, 0, 0, 0, 0, 0, 0, 0
DB 0, 0, 0, 0, 0, 0, 0, 0, 0, 0, 0, 0, 0, 0, 0, 0, 0, 0, 0, 0
DB 0, 0, 0, 0, 0, 0, 0, 0, 0, 0, 0, 0, 0, 0, 0, 0, 0, 0, 0, 0
DB 0, 0, 0, 0, 0, 0, 17, 18, 19, 19, 20, 19, 0, 0, 0, 0, 0, 0, 0, 0
DB 0, 0, 0, 0, 0, 0, 0, 0, 0, 0, 0, 0, 0, 0, 0, 0, 0, 0, 0, 0
DB 0, 0, 0, 0, 0, 0, 0, 0, 0, 0, 0, 0, 0, 0, 0, 0, 0, 0, 0, 0
DB 0, 0, 0, 17, 18, 19, 20, 19, 20, 18, 17, 0, 0, 0, 0, 0, 0, 0, 0, 0
DB 0, 0, 0, 0, 0, 0, 0, 0, 0, 0, 0, 0, 0, 0, 0, 0, 0, 0, 0, 0
DB 0, 0, 0, 0, 0, 0, 0, 0, 0, 0, 0, 0, 0, 0, 0, 0, 0, 0, 0, 0
DB 0, 0, 0, 0, 0, 0, 0, 0, 0, 0, 0, 0, 0, 0, 0, 0, 0, 0, 0, 0
DB 0, 0, 0, 0, 0, 0, 0, 0, 0, 0, 0, 0, 0, 0, 0, 0, 0, 0, 0, 0
DB 0, 0, 0, 0, 0, 0, 0, 0, 0, 0, 0, 0, 0, 0, 0, 0, 0, 0, 0, 0
DB 0, 0, 0, 0, 0, 0, 0, 0, 0, 0, 0, 0, 0, 0, 0, 0, 0, 0, 0, 0
DB 0, 0, 0, 0, 0, 0, 0, 0, 0, 0, 0, 0, 0, 0, 0, 0, 0, 0, 0, 0
DB 0, 0, 0, 0, 0, 0, 0, 0, 0, 0, 0, 0, 0, 0, 0, 0, 0, 0, 0, 0