DB 0, 0, 0, 0, 0, 0, 0, 0, 0, 0, 0, 0, 0, 0, 0, 0, 0, 0, 0, 0
DB 0, 0, 0, 0, 0, 0, 0, 0, 0, 0, 0, 0, 0, 0, 0, 0, 0, 0, 0, 0
DB 0, 0, 0, 0, 0, 0, 0, 0, 0, 0, 0, 0, 0, 0, 0, 0, 0, 0, 0, 0
DB 0, 0, 0, 0, 0, 0, 0, 0, 0, 0, 0, 0, 0, 0, 0, 0, 0, 0, 0, 0
DB 0, 0, 0, 0, 0, 0, 0, 0, 0, 0, 0, 0, 0, 0, 0, 0, 0, 0, 0, 0
DB 0, 0, 0, 0, 0, 0, 0, 0, 0, 0, 0, 0, 0, 0, 0, 0, 0, 0, 0, 0
DB 0, 0, 0, 0, 0, 0, 0, 0, 0, 0, 0, 0, 0, 0, 0, 0, 0, 0, 0, 0
DB 0, 0, 0, 0, 0, 0, 0, 0, 0, 0, 0, 0, 0, 0, 0, 0, 0, 0, 0, 0
DB 0, 0, 0, 0, 0, 0, 0, 0, 0, 0, 0, 0, 0, 0, 0, 0, 0, 0, 0, 0
DB 0, 0, 0, 0, 0, 0, 0, 0, 0, 0, 0, 0, 0, 0, 0, 0, 0, 0, 0, 0
DB 0, 0, 0, 0, 0, 0, 0, 0, 0, 0, 0, 0, 0, 0, 0, 0, 0, 0, 0, 0
DB 0, 0, 0, 0, 0, 0, 0, 0, 0, 0, 0, 0, 0, 0, 0, 0, 0, 0, 0, 0
DB 0, 0, 0, 0, 0, 0, 0, 0, 0, 0, 0, 0, 0, 0, 0, 0, 0, 0, 0, 0
DB 0, 0, 0, 0, 0, 0, 0, 0, 0, 0, 0, 0, 0, 0, 0, 0, 0, 0, 0, 0
DB 0, 0, 0, 0, 0, 0, 0, 0, 0, 0, 0, 0, 0, 0, 0, 0, 0, 0, 0, 0
DB 0, 0, 0, 0, 0, 0, 0, 0, 0, 0, 0, 0, 0, 0, 0, 0, 0, 0, 0, 0
DB 0, 0, 0, 0, 0, 0, 0, 0, 0, 0, 0, 0, 0, 0, 0, 0, 0, 0, 0, 0
DB 0, 0, 0, 0, 0, 0, 0, 0, 0, 0, 0, 0, 0, 0, 0, 0, 0, 0, 0, 0
DB 0, 0, 0, 0, 0, 0, 0, 0, 0, 0, 0, 0, 0, 0, 0, 0, 0, 0, 0, 0
DB 0, 0, 0, 0, 0, 0, 0, 0, 0, 0, 0, 0, 0, 0, 0, 0, 0, 0, 0, 0
DB 0, 0, 0, 0, 0, 0, 0, 0, 0, 0, 0, 0, 0, 0, 0, 0, 0, 0, 0, 0
DB 0, 0, 0, 0, 0, 0, 0, 0, 0, 0, 0, 0, 0, 0, 0, 0, 0, 0, 0, 0
DB 0, 0, 0, 0, 0, 0, 0, 0, 0, 0, 0, 0, 0, 0, 0, 0, 0, 0, 0, 0
DB 0, 0, 0, 0, 0, 0, 0, 0, 0, 0, 0, 0, 0, 0, 0, 0, 0, 0, 0, 0
DB 0, 0, 0, 0, 0, 0, 0, 0, 0, 0, 0, 0, 0, 0, 0, 0, 0, 0, 0, 0
DB 0, 0, 0, 0, 0, 0, 0, 0, 0, 0, 0, 0, 0, 0, 0, 0, 0, 0, 0, 0
DB 0, 0, 0, 0, 0, 0, 0, 0, 0, 0, 0, 0, 0, 0, 0, 0, 0, 0, 0, 0
DB 0, 0, 0, 0, 0, 0, 0, 0, 0, 0, 0, 0, 0, 0, 0, 0, 0, 0, 0, 0
DB 0, 0, 0, 0, 0, 0, 0, 0, 0, 0, 0, 0, 0, 0, 0, 0, 0, 0, 0, 0
DB 0, 0, 0, 0, 0, 0, 0, 0, 0, 0, 0, 0, 0, 0, 0, 0, 0, 0, 0, 0
DB 0, 0, 0, 0, 0, 0, 0, 0, 0, 0, 0, 0, 0, 0, 0, 0, 0, 0, 0, 0
DB 0, 0, 0, 0, 0, 0, 0, 0, 0, 0, 0, 0, 0, 0, 0, 0, 0, 0, 0, 0
DB 0, 0, 0, 0, 0, 0, 0, 0, 0, 0, 0, 0, 0, 0, 0, 0, 0, 0, 0, 0
DB 0, 0, 0, 0, 0, 0, 0, 0, 0, 0, 0, 0, 0, 0, 0, 0, 0, 0, 0, 0
DB 0, 0, 0, 0, 0, 0, 0, 0, 0, 0, 0, 0, 0, 0, 0, 0, 0, 0, 0, 0
DB 0, 0, 0, 0, 0, 0, 0, 0, 0, 0, 0, 0, 0, 0, 0, 0, 0, 0, 0, 0
DB 0, 0, 0, 0, 0, 0, 0, 0, 0, 0, 0, 0, 0, 0, 0, 0, 0, 0, 0, 0
DB 17, 17, 17, 17, 0, 0, 0, 0, 0, 0, 0, 0, 0, 0, 0, 0, 0, 0, 0, 0
DB 0, 0, 0, 0, 0, 0, 0, 0, 0, 0, 0, 0, 0, 0, 0, 0, 0, 0, 0, 0
DB 0, 0, 0, 0, 0, 0, 0, 0, 0, 0, 0, 0, 0, 0, 0, 0, 0, 0, 0, 0
DB 0, 0, 0, 0, 0, 0, 0, 0, 0, 0, 0, 0, 0, 0, 0, 0, 0, 0, 0, 0
DB 0, 0, 0, 0, 0, 0, 0, 0, 0, 0, 0, 0, 0, 0, 0, 0, 0, 0, 0, 0
DB 0, 0, 0, 0, 0, 0, 0, 0, 0, 0, 0, 0, 0, 0, 0, 0, 0, 0, 0, 0
DB 0, 0, 0, 0, 0, 0, 0, 0, 0, 0, 0, 0, 0, 0, 17, 8, 23, 22, 22, 19
DB 17, 0, 0, 0, 0, 0, 0, 0, 0, 0, 0, 0, 0, 0, 0, 0, 0, 0, 0, 0
DB 0, 0, 0, 0, 0, 0, 0, 0, 0, 0, 0, 0, 0, 0, 0, 0, 0, 0, 0, 0
DB 0, 0, 0, 0, 0, 0, 0, 0, 0, 0, 0, 0, 0, 0, 0, 0, 0, 0, 0, 0
DB 0, 0, 0, 0, 0, 0, 0, 0, 0, 0, 0, 0, 0, 0, 0, 0, 0, 0, 0, 0
DB 0, 0, 0, 0, 0, 0, 0, 0, 0, 0, 0, 0, 0, 0, 0, 0, 0, 0, 0, 0
DB 0, 0, 0, 0, 0, 0, 0, 0, 0, 0, 0, 0, 0, 0, 0, 0, 0, 0, 0, 0
DB 0, 0, 0, 0, 0, 0, 0, 0, 0, 17, 8, 23, 22, 22, 19, 17, 0, 0, 0, 0
DB 0, 0, 0, 0, 0, 0, 0, 0, 0, 0, 0, 0, 0, 0, 0, 0, 0, 0, 0, 0
DB 0, 0, 0, 0, 0, 0, 0, 0, 0, 0, 0, 0, 0, 0, 0, 0, 0, 0, 0, 0
DB 0, 0, 0, 0, 0, 0, 0, 0, 0, 0, 0, 0, 0, 0, 0, 0, 0, 0, 0, 0
DB 0, 0, 0, 0, 0, 0, 0, 0, 0, 0, 0, 0, 0, 0, 0, 0, 0, 0, 0, 0
DB 0, 0, 0, 0, 0, 0, 0, 0, 0, 0, 0, 0, 0, 0, 0, 0, 0, 0, 0, 0
DB 0, 0, 0, 0, 0, 0, 0, 0, 0, 0, 0, 0, 0, 0, 0, 0, 0, 0, 0, 0
DB 0, 0, 0, 0, 20, 23, 25, 24, 24, 8, 19, 17, 0, 0, 0, 0, 0, 0, 0, 0
DB 0, 0, 0, 0, 0, 0, 0, 0, 0, 0, 0, 0, 0, 0, 0, 0, 0, 0, 0, 0
DB 0, 0, 0, 0, 0, 0, 0, 0, 0, 0, 0, 0, 0, 0, 0, 0, 0, 0, 0, 0
DB 0, 0, 0, 0, 0, 0, 0, 0, 0, 0, 0, 0, 0, 0, 0, 0, 0, 0, 0, 0
DB 0, 0, 0, 0, 0, 0, 0, 0, 0, 0, 0, 0, 0, 0, 0, 0, 0, 0, 0, 0
DB 0, 0, 0, 0, 0, 0, 0, 0, 0, 0, 0, 0, 0, 0, 0, 0, 0, 0, 0, 0
DB 0, 0, 0, 0, 0, 0, 0, 0, 0, 0, 0, 0, 0, 0, 0, 0, 0, 17, 17, 8
DB 23, 7, 25, 25, 23, 8, 20, 17, 17, 0, 0, 0, 0, 0, 0, 0, 0, 0, 0, 0
DB 0, 0, 0, 0, 0, 0, 0, 0, 0, 0, 0, 0, 0, 0, 0, 0, 0, 0, 0, 0
DB 0, 0, 0, 0, 0, 0, 0, 0, 0, 0, 0, 0, 0, 0, 0, 0, 0, 0, 0, 0
DB 0, 0, 0, 0, 0, 0, 0, 0, 0, 0, 0, 0, 0, 0, 0, 0, 0, 0, 0, 0
DB 0, 0, 0, 0, 0, 0, 0, 0, 0, 0, 0, 0, 0, 0, 0, 0, 0, 0, 0, 0
DB 0, 0, 0, 0, 0, 0, 0, 0, 0, 0, 0, 0, 0, 0, 0, 0, 0, 0, 0, 0
DB 0, 0, 0, 0, 0, 0, 0, 0, 0, 0, 0, 17, 19, 19, 22, 24, 7, 7, 7, 23
DB 8, 8, 20, 20, 0, 0, 0, 0, 0, 0, 0, 0, 0, 0, 0, 0, 0, 0, 0, 0
DB 0, 0, 0, 0, 0, 0, 0, 0, 0, 0, 0, 0, 0, 0, 0, 0, 0, 0, 0, 0
DB 0, 0, 0, 0, 0, 0, 0, 0, 0, 0, 0, 0, 0, 0, 0, 0, 0, 0, 0, 0
DB 0, 0, 0, 0, 0, 0, 0, 0, 0, 0, 0, 0, 0, 0, 0, 0, 0, 0, 0, 0
DB 0, 0, 0, 0, 0, 0, 0, 0, 0, 0, 0, 0, 0, 0, 0, 0, 0, 0, 0, 0
DB 0, 0, 0, 0, 0, 0, 0, 0, 0, 0, 0, 0, 0, 0, 0, 0, 0, 0, 0, 0
DB 0, 0, 0, 0, 0, 0, 17, 19, 19, 22, 24, 7, 7, 7, 23, 8, 8, 20, 20, 0
DB 0, 0, 0, 0, 0, 0, 0, 0, 0, 0, 0, 0, 0, 0, 0, 0, 0, 0, 0, 0
DB 0, 0, 0, 0, 0, 0, 0, 0, 0, 0, 0, 0, 0, 0, 0, 0, 0, 0, 0, 0
DB 0, 0, 0, 0, 0, 0, 0, 0, 0, 0, 0, 0, 0, 0, 0, 0, 0, 0, 0, 0
DB 0, 0, 0, 0, 0, 0, 0, 0, 0, 0, 0, 0, 0, 0, 0, 0, 0, 0, 0, 0
DB 0, 0, 0, 0, 0, 0, 0, 0, 0, 0, 0, 0, 0, 0, 0, 0, 0, 0, 0, 0
DB 0, 0, 0, 0, 0, 0, 0, 0, 0, 0, 0, 0, 0, 0, 0, 0, 0, 0, 0, 0
DB 0, 18, 20, 20, 22, 24, 7, 25, 25, 24, 22, 8, 8, 8, 17, 0, 0, 0, 0, 0
DB 0, 0, 0, 0, 0, 0, 0, 0, 0, 0, 0, 0, 0, 0, 0, 0, 0, 0, 0, 0
DB 0, 0, 0, 0, 0, 0, 0, 0, 0, 0, 0, 0, 0, 0, 0, 0, 0, 0, 0, 0
DB 0, 0, 0, 0, 0, 0, 0, 0, 0, 0, 0, 0, 0, 0, 0, 0, 0, 0, 0, 0
DB 0, 0, 0, 0, 0, 0, 0, 0, 0, 0, 0, 0, 0, 0, 0, 0, 0, 0, 0, 0
DB 0, 0, 0, 0, 0, 0, 0, 0, 0, 0, 0, 0, 0, 0, 0, 0, 0, 0, 0, 0
DB 0, 0, 0, 0, 0, 0, 0, 0, 0, 0, 0, 0, 0, 0, 0, 17, 19, 8, 8, 23
DB 24, 25, 7, 7, 24, 22, 8, 8, 8, 18, 0, 0, 0, 0, 0, 0, 0, 0, 0, 0
DB 0, 0, 0, 0, 0, 0, 0, 0, 0, 0, 0, 0, 0, 0, 0, 0, 0, 0, 0, 0
DB 0, 0, 0, 0, 0, 0, 0, 0, 0, 0, 0, 0, 0, 0, 0, 0, 0, 0, 0, 0
DB 0, 0, 0, 0, 0, 0, 0, 0, 0, 0, 0, 0, 0, 0, 0, 0, 0, 0, 0, 0
DB 0, 0, 0, 0, 0, 0, 0, 0, 0, 0, 0, 0, 0, 0, 0, 0, 0, 0, 0, 0
DB 0, 0, 0, 0, 0, 0, 0, 0, 0, 0, 0, 0, 0, 0, 0, 0, 0, 0, 0, 0
DB 0, 0, 0, 0, 0, 0, 0, 0, 0, 0, 19, 20, 22, 22, 23, 24, 7, 25, 25, 24
DB 22, 8, 8, 8, 8, 17, 0, 0, 0, 0, 0, 0, 0, 0, 0, 0, 0, 0, 0, 0
DB 0, 0, 0, 0, 0, 0, 0, 0, 0, 0, 0, 0, 0, 0, 0, 0, 0, 0, 0, 0
DB 0, 0, 0, 0, 0, 0, 0, 0, 0, 0, 0, 0, 0, 0, 0, 0, 0, 0, 0, 0
DB 0, 0, 0, 0, 0, 0, 0, 0, 0, 0, 0, 0, 0, 0, 0, 0, 0, 0, 0, 0
DB 0, 0, 0, 0, 0, 0, 0, 0, 0, 0, 0, 0, 0, 0, 0, 0, 0, 0, 0, 0
DB 0, 0, 0, 0, 0, 0, 0, 0, 0, 0, 0, 0, 0, 0, 0, 0, 0, 0, 0, 0
DB 0, 0, 0, 0, 0, 19, 20, 22, 22, 23, 24, 7, 25, 25, 24, 22, 8, 8, 8, 8
DB 17, 0, 0, 0, 0, 0, 0, 0, 0, 0, 0, 0, 0, 0, 0, 0, 0, 0, 0, 0
DB 0, 0, 0, 0, 0, 0, 0, 0, 0, 0, 0, 0, 0, 0, 0, 0, 0, 0, 0, 0
DB 0, 0, 0, 0, 0, 0, 0, 0, 0, 0, 0, 0, 0, 0, 0, 0, 0, 0, 0, 0
DB 0, 0, 0, 0, 0, 0, 0, 0, 0, 0, 0, 0, 0, 0, 0, 0, 0, 0, 0, 0
DB 0, 0, 0, 0, 0, 0, 0, 0, 0, 0, 0, 0, 0, 0, 0, 0, 0, 0, 0, 0
DB 0, 0, 0, 0, 0, 0, 0, 0, 0, 0, 0, 0, 0, 0, 0, 0, 0, 0, 0, 17
DB 19, 8, 22, 22, 23, 24, 25, 25, 25, 24, 22, 8, 8, 8, 8, 19, 0, 0, 0, 0
DB 0, 0, 0, 0, 0, 0, 0, 0, 0, 0, 0, 0, 0, 0, 0, 0, 0, 0, 0, 0
DB 0, 0, 0, 0, 0, 0, 0, 0, 0, 0, 0, 0, 0, 0, 0, 0, 0, 0, 0, 0
DB 0, 0, 0, 0, 0, 0, 0, 0, 0, 0, 0, 0, 0, 0, 0, 0, 0, 0, 0, 0
DB 0, 0, 0, 0, 0, 0, 0, 0, 0, 0, 0, 0, 0, 0, 0, 0, 0, 0, 0, 0
DB 0, 0, 0, 0, 0, 0, 0, 0, 0, 0, 0, 0, 0, 0, 0, 0, 0, 0, 0, 0
DB 0, 0, 0, 0, 0, 0, 0, 0, 0, 0, 0, 0, 0, 0, 18, 20, 8, 22, 22, 23
DB 23, 23, 23, 23, 22, 22, 8, 8, 8, 8, 20, 0, 0, 0, 0, 0, 0, 0, 0, 0
DB 0, 0, 0, 0, 0, 0, 0, 0, 0, 0, 0, 0, 0, 0, 0, 0, 0, 0, 0, 0
DB 0, 0, 0, 0, 0, 0, 0, 0, 0, 0, 0, 0, 0, 0, 0, 0, 0, 0, 0, 0
DB 0, 0, 0, 0, 0, 0, 0, 0, 0, 0, 0, 0, 0, 0, 0, 0, 0, 0, 0, 0
DB 0, 0, 0, 0, 0, 0, 0, 0, 0, 0, 0, 0, 0, 0, 0, 0, 0, 0, 0, 0
DB 0, 0, 0, 0, 0, 0, 0, 0, 0, 0, 0, 0, 0, 0, 0, 0, 0, 0, 0, 0
DB 0, 0, 0, 0, 0, 0, 0, 0, 0, 18, 20, 22, 22, 22, 8, 22, 23, 23, 23, 22
DB 8, 8, 20, 20, 8, 8, 0, 0, 0, 0, 0, 0, 0, 0, 0, 0, 0, 0, 0, 0
DB 0, 0, 0, 0, 0, 0, 0, 0, 0, 0, 0, 0, 0, 0, 0, 0, 0, 0, 0, 0
DB 0, 0, 0, 0, 0, 0, 0, 0, 0, 0, 0, 0, 0, 0, 0, 0, 0, 0, 0, 0
DB 0, 0, 0, 0, 0, 0, 0, 0, 0, 0, 0, 0, 0, 0, 0, 0, 0, 0, 0, 0
DB 0, 0, 0, 0, 0, 0, 0, 0, 0, 0, 0, 0, 0, 0, 0, 0, 0, 0, 0, 0
DB 0, 0, 0, 0, 0, 0, 0, 0, 0, 0, 0, 0, 0, 0, 0, 0, 0, 0, 0, 0
DB 0, 0, 17, 17, 19, 8, 8, 8, 8, 8, 22, 23, 22, 22, 22, 8, 19, 20, 20, 8
DB 20, 18, 0, 0, 0, 0, 0, 0, 0, 0, 0, 0, 0, 0, 0, 0, 0, 0, 0, 0
DB 0, 0, 0, 0, 0, 0, 0, 0, 0, 0, 0, 0, 0, 0, 0, 0, 0, 0, 0, 0
DB 0, 0, 0, 0, 0, 0, 0, 0, 0, 0, 0, 0, 0, 0, 0, 0, 0, 0, 0, 0
DB 0, 0, 0, 0, 0, 0, 0, 0, 0, 0, 0, 0, 0, 0, 0, 0, 0, 0, 0, 0
DB 0, 0, 0, 0, 0, 0, 0, 0, 0, 0, 0, 0, 0, 0, 0, 0, 0, 0, 0, 0
DB 0, 0, 0, 0, 0, 0, 0, 0, 0, 0, 0, 0, 0, 0, 0, 0, 0, 17, 17, 19
DB 8, 8, 8, 8, 8, 22, 23, 22, 22, 22, 8, 19, 20, 20, 8, 20, 18, 0, 0, 0
DB 0, 0, 0, 0, 0, 0, 0, 0, 0, 0, 0, 0, 0, 0, 0, 0, 0, 0, 0, 0
DB 0, 0, 0, 0, 0, 0, 0, 0, 0, 0, 0, 0, 0, 0, 0, 0, 0, 0, 0, 0
DB 0, 0, 0, 0, 0, 0, 0, 0, 0, 0, 0, 0, 0, 0, 0, 0, 0, 0, 0, 0
DB 0, 0, 0, 0, 0, 0, 0, 0, 0, 0, 0, 0, 0, 0, 0, 0, 0, 0, 0, 0
DB 0, 0, 0, 0, 0, 0, 0, 0, 0, 0, 0, 0, 0, 0, 0, 0, 0, 0, 0, 0
DB 0, 0, 0, 0, 0, 0, 0, 0, 0, 0, 0, 0, 18, 18, 19, 8, 20, 8, 8, 22
DB 22, 22, 22, 22, 22, 8, 20, 19, 19, 8, 20, 19, 0, 0, 0, 0, 0, 0, 0, 0
DB 0, 0, 0, 0, 0, 0, 0, 0, 0, 0, 0, 0, 0, 0, 0, 0, 0, 0, 0, 0
DB 0, 0, 0, 0, 0, 0, 0, 0, 0, 0, 0, 0, 0, 0, 0, 0, 0, 0, 0, 0
DB 0, 0, 0, 0, 0, 0, 0, 0, 0, 0, 0, 0, 0, 0, 0, 0, 0, 0, 0, 0
DB 0, 0, 0, 0, 0, 0, 0, 0, 0, 0, 0, 0, 0, 0, 0, 0, 0, 0, 0, 0
DB 0, 0, 0, 0, 0, 0, 0, 0, 0, 0, 0, 0, 0, 0, 0, 0, 0, 0, 0, 0
DB 0, 0, 0, 0, 0, 0, 17, 19, 19, 20, 20, 20, 8, 8, 8, 8, 162, 162, 162, 160
DB 8, 20, 19, 19, 20, 20, 19, 17, 17, 0, 0, 0, 0, 0, 0, 0, 0, 0, 0, 0
DB 0, 0, 0, 0, 0, 0, 0, 0, 0, 0, 0, 0, 0, 0, 0, 0, 0, 0, 0, 0
DB 0, 0, 0, 0, 0, 0, 0, 0, 0, 0, 0, 0, 0, 0, 0, 0, 0, 0, 0, 0
DB 0, 0, 0, 0, 0, 0, 0, 0, 0, 0, 0, 0, 0, 0, 0, 0, 0, 0, 0, 0
DB 0, 0, 0, 0, 0, 0, 0, 0, 0, 0, 0, 0, 0, 0, 0, 0, 0, 0, 0, 0
DB 0, 0, 0, 0, 0, 0, 0, 0, 0, 0, 0, 0, 0, 0, 0, 0, 0, 0, 0, 0
DB 0, 18, 19, 19, 20, 20, 8, 8, 8, 161, 163, 64, 64, 64, 163, 160, 8, 19, 19, 19
DB 20, 19, 18, 18, 0, 0, 0, 0, 0, 0, 0, 0, 0, 0, 0, 0, 0, 0, 0, 0
DB 0, 0, 0, 0, 0, 0, 0, 0, 0, 0, 0, 0, 0, 0, 0, 0, 0, 0, 0, 0
DB 0, 0, 0, 0, 0, 0, 0, 0, 0, 0, 0, 0, 0, 0, 0, 0, 0, 0, 0, 0
DB 0, 0, 0, 0, 0, 0, 0, 0, 0, 0, 0, 0, 0, 0, 0, 0, 0, 0, 0, 0
DB 0, 0, 0, 0, 0, 0, 0, 0, 0, 0, 0, 0, 0, 0, 0, 0, 0, 0, 0, 0
DB 0, 0, 0, 0, 0, 0, 0, 0, 0, 0, 0, 0, 0, 0, 0, 0, 18, 19, 19, 20
DB 20, 8, 8, 8, 161, 163, 64, 64, 64, 163, 160, 8, 19, 19, 19, 20, 19, 18, 18, 0
DB 0, 0, 0, 0, 0, 0, 0, 0, 0, 0, 0, 0, 0, 0, 0, 0, 0, 0, 0, 0
DB 0, 0, 0, 0, 0, 0, 0, 0, 0, 0, 0, 0, 0, 0, 0, 0, 0, 0, 0, 0
DB 0, 0, 0, 0, 0, 0, 0, 0, 0, 0, 0, 0, 0, 0, 0, 0, 0, 0, 0, 0
DB 0, 0, 0, 0, 0, 0, 0, 0, 0, 0, 0, 0, 0, 0, 0, 0, 0, 0, 0, 0
DB 0, 0, 0, 0, 0, 0, 0, 0, 0, 0, 0, 0, 0, 0, 0, 0, 0, 0, 0, 0
DB 17, 17, 0, 0, 0, 0, 0, 0, 0, 0, 0, 20, 20, 20, 20, 20, 20, 160, 160, 138
DB 24, 65, 65, 65, 12, 162, 8, 20, 20, 19, 20, 20, 19, 19, 0, 0, 0, 0, 0, 0
DB 0, 0, 0, 0, 17, 0, 0, 0, 0, 0, 0, 0, 0, 0, 0, 0, 0, 0, 0, 0
DB 0, 0, 0, 0, 0, 0, 0, 0, 0, 0, 0, 0, 0, 0, 0, 0, 0, 0, 0, 0
DB 0, 0, 0, 0, 0, 0, 0, 0, 0, 0, 0, 0, 0, 0, 0, 0, 0, 0, 0, 0
DB 0, 0, 0, 0, 0, 0, 0, 0, 0, 0, 0, 0, 0, 0, 0, 0, 0, 0, 0, 0
DB 0, 0, 0, 0, 0, 0, 0, 0, 0, 0, 0, 0, 0, 0, 0, 235, 19, 0, 0, 0
DB 0, 0, 0, 0, 0, 8, 8, 8, 8, 19, 20, 8, 138, 138, 163, 64, 65, 65, 65, 24
DB 164, 138, 20, 20, 19, 19, 20, 19, 19, 19, 0, 0, 0, 0, 0, 0, 0, 17, 17, 18
DB 0, 0, 0, 0, 0, 0, 0, 0, 0, 0, 0, 0, 0, 0, 0, 0, 0, 0, 0, 0
DB 0, 0, 0, 0, 0, 0, 0, 0, 0, 0, 0, 0, 0, 0, 0, 0, 0, 0, 0, 0
DB 0, 0, 0, 0, 0, 0, 0, 0, 0, 0, 0, 0, 0, 0, 0, 0, 0, 0, 0, 0
DB 0, 0, 0, 0, 0, 0, 0, 0, 0, 0, 0, 0, 0, 0, 0, 0, 0, 0, 0, 0
DB 0, 0, 0, 0, 0, 0, 0, 0, 0, 17, 8, 19, 0, 0, 0, 0, 0, 19, 19, 8
DB 22, 20, 20, 20, 19, 20, 20, 162, 162, 12, 64, 65, 65, 65, 64, 12, 163, 137, 137, 20
DB 19, 19, 20, 20, 20, 19, 17, 0, 0, 0, 0, 0, 18, 18, 20, 19, 0, 0, 0, 0
DB 0, 0, 0, 0, 0, 0, 0, 0, 0, 0, 0, 0, 0, 0, 0, 0, 0, 0, 0, 0
DB 0, 0, 0, 0, 0, 0, 0, 0, 0, 0, 0, 0, 0, 0, 0, 0, 0, 0, 0, 0
DB 0, 0, 0, 0, 0, 0, 0, 0, 0, 0, 0, 0, 0, 0, 0, 0, 0, 0, 0, 0
DB 0, 0, 0, 0, 0, 0, 0, 0, 0, 0, 0, 0, 0, 0, 0, 0, 0, 0, 0, 0
DB 0, 0, 0, 0, 19, 22, 20, 17, 17, 0, 17, 20, 8, 8, 8, 8, 20, 19, 19, 20
DB 20, 137, 163, 163, 164, 65, 65, 65, 65, 65, 64, 163, 138, 138, 19, 19, 19, 20, 20, 20
DB 20, 19, 19, 19, 17, 0, 17, 20, 20, 8, 20, 0, 0, 0, 0, 0, 0, 0, 0, 0
DB 0, 0, 0, 0, 0, 0, 0, 0, 0, 0, 0, 0, 0, 0, 0, 0, 0, 0, 0, 0
DB 0, 0, 0, 0, 0, 0, 0, 0, 0, 0, 0, 0, 0, 0, 0, 0, 0, 0, 0, 0
DB 0, 0, 0, 0, 0, 0, 0, 0, 0, 0, 0, 0, 0, 0, 0, 0, 0, 0, 0, 0
DB 0, 0, 0, 0, 0, 0, 0, 0, 0, 0, 0, 0, 0, 0, 0, 0, 0, 0, 0, 19
DB 22, 20, 17, 17, 0, 17, 20, 8, 8, 8, 8, 20, 19, 19, 20, 20, 137, 163, 163, 164
DB 65, 65, 65, 65, 65, 64, 163, 138, 138, 19, 19, 19, 20, 20, 20, 20, 19, 19, 19, 17
DB 0, 17, 20, 20, 8, 20, 0, 0, 0, 0, 0, 0, 0, 0, 0, 0, 0, 0, 0, 0
DB 0, 0, 0, 0, 0, 0, 0, 0, 0, 0, 0, 0, 0, 0, 0, 0, 0, 0, 0, 0
DB 0, 0, 0, 0, 0, 0, 0, 0, 0, 0, 0, 0, 0, 0, 0, 0, 0, 0, 0, 0
DB 0, 0, 0, 0, 0, 0, 0, 0, 0, 0, 0, 0, 0, 0, 0, 0, 0, 0, 0, 0
DB 0, 0, 0, 0, 0, 0, 0, 0, 0, 0, 0, 0, 0, 0, 19, 22, 20, 20, 20, 8
DB 8, 8, 8, 8, 8, 20, 20, 19, 19, 20, 136, 162, 163, 163, 12, 64, 65, 65, 65, 64
DB 164, 12, 162, 162, 20, 19, 19, 20, 20, 20, 8, 8, 8, 8, 8, 8, 19, 20, 20, 22
DB 20, 0, 0, 0, 0, 0, 0, 0, 0, 0, 0, 0, 0, 0, 0, 0, 0, 0, 0, 0
DB 0, 0, 0, 0, 0, 0, 0, 0, 0, 0, 0, 0, 0, 0, 0, 0, 0, 0, 0, 0
DB 0, 0, 0, 0, 0, 0, 0, 0, 0, 0, 0, 0, 0, 0, 0, 0, 0, 0, 0, 0
DB 0, 0, 0, 0, 0, 0, 0, 0, 0, 0, 0, 0, 0, 0, 0, 0, 0, 0, 0, 0
DB 0, 0, 0, 0, 0, 0, 0, 0, 0, 19, 22, 20, 23, 23, 23, 8, 8, 8, 8, 20
DB 20, 20, 19, 19, 235, 137, 162, 12, 12, 24, 65, 65, 65, 65, 64, 64, 164, 12, 12, 137
DB 19, 18, 20, 20, 20, 20, 20, 8, 8, 22, 24, 8, 20, 20, 22, 20, 17, 0, 0, 0
DB 0, 0, 0, 0, 0, 0, 0, 0, 0, 0, 0, 0, 0, 0, 0, 0, 0, 0, 0, 0
DB 0, 0, 0, 0, 0, 0, 0, 0, 0, 0, 0, 0, 0, 0, 0, 0, 0, 0, 0, 0
DB 0, 0, 0, 0, 0, 0, 0, 0, 0, 0, 0, 0, 0, 0, 0, 0, 0, 0, 0, 0
DB 0, 0, 0, 0, 0, 0, 0, 0, 0, 0, 0, 0, 0, 0, 0, 0, 0, 0, 0, 0
DB 0, 0, 17, 17, 235, 161, 20, 24, 24, 22, 8, 8, 8, 8, 8, 20, 19, 19, 19, 19
DB 138, 162, 163, 163, 12, 65, 65, 65, 65, 65, 164, 12, 164, 164, 161, 235, 19, 19, 19, 20
DB 20, 20, 8, 8, 20, 22, 8, 20, 20, 161, 235, 17, 0, 0, 0, 0, 0, 0, 0, 0
DB 0, 0, 0, 0, 0, 0, 0, 0, 0, 0, 0, 0, 0, 0, 0, 0, 0, 0, 0, 0
DB 0, 0, 0, 0, 0, 0, 0, 0, 0, 0, 0, 0, 0, 0, 0, 0, 0, 0, 0, 0
DB 0, 0, 0, 0, 0, 0, 0, 0, 0, 0, 0, 0, 0, 0, 0, 0, 0, 0, 0, 0
DB 0, 0, 0, 0, 0, 0, 0, 0, 0, 0, 0, 0, 0, 0, 0, 0, 0, 17, 17, 235
DB 161, 20, 24, 24, 22, 8, 8, 8, 8, 8, 20, 19, 19, 19, 19, 138, 162, 163, 163, 12
DB 65, 65, 65, 65, 65, 164, 12, 164, 164, 161, 235, 19, 19, 19, 20, 20, 20, 8, 8, 20
DB 22, 8, 20, 20, 161, 235, 17, 0, 0, 0, 0, 0, 0, 0, 0, 0, 0, 0, 0, 0
DB 0, 0, 0, 0, 0, 0, 0, 0, 0, 0, 0, 0, 0, 0, 0, 0, 0, 0, 0, 0
DB 0, 0, 0, 0, 0, 0, 0, 0, 0, 0, 0, 0, 0, 0, 0, 0, 0, 0, 0, 0
DB 0, 0, 0, 0, 0, 0, 0, 0, 0, 0, 0, 0, 0, 0, 0, 0, 0, 0, 0, 0
DB 0, 0, 0, 0, 0, 0, 0, 0, 0, 0, 0, 0, 17, 17, 136, 138, 137, 8, 8, 8
DB 8, 8, 20, 20, 20, 20, 19, 19, 19, 136, 161, 139, 12, 12, 24, 65, 65, 65, 65, 64
DB 64, 24, 12, 12, 163, 234, 19, 19, 19, 20, 20, 8, 20, 20, 20, 8, 20, 137, 137, 138
DB 136, 208, 0, 0, 0, 0, 0, 0, 0, 0, 0, 0, 0, 0, 0, 0, 0, 0, 0, 0
DB 0, 0, 0, 0, 0, 0, 0, 0, 0, 0, 0, 0, 0, 0, 0, 0, 0, 0, 0, 0
DB 0, 0, 0, 0, 0, 0, 0, 0, 0, 0, 0, 0, 0, 0, 0, 0, 0, 0, 0, 0
DB 0, 0, 0, 0, 0, 0, 0, 0, 0, 0, 0, 0, 0, 0, 0, 0, 0, 0, 0, 0
DB 0, 0, 0, 0, 0, 0, 0, 186, 186, 136, 6, 136, 8, 8, 20, 8, 20, 8, 8, 20
DB 20, 19, 19, 19, 136, 139, 12, 164, 164, 12, 65, 65, 65, 65, 65, 164, 12, 164, 164, 163
DB 137, 19, 18, 18, 19, 20, 20, 20, 20, 8, 20, 20, 136, 136, 6, 114, 186, 0, 0, 0
DB 0, 0, 0, 0, 0, 0, 0, 0, 0, 0, 0, 0, 0, 0, 0, 0, 0, 0, 0, 0
DB 0, 0, 0, 0, 0, 0, 0, 0, 0, 0, 0, 0, 0, 0, 0, 0, 0, 0, 0, 0
DB 0, 0, 0, 0, 0, 0, 0, 0, 0, 0, 0, 0, 0, 0, 0, 0, 0, 0, 0, 0
DB 0, 0, 0, 0, 0, 0, 0, 0, 0, 0, 0, 0, 0, 0, 0, 0, 0, 0, 0, 0
DB 0, 0, 208, 208, 6, 137, 137, 20, 20, 8, 8, 20, 20, 20, 20, 19, 19, 19, 19, 137
DB 161, 162, 164, 164, 65, 65, 65, 65, 65, 64, 12, 24, 12, 12, 164, 137, 234, 19, 19, 19
DB 20, 20, 20, 20, 20, 8, 20, 137, 137, 137, 137, 208, 0, 0, 0, 0, 0, 0, 0, 0
DB 0, 0, 0, 0, 0, 0, 0, 0, 0, 0, 0, 0, 0, 0, 0, 0, 0, 0, 0, 0
DB 0, 0, 0, 0, 0, 0, 0, 0, 0, 0, 0, 0, 0, 0, 0, 0, 0, 0, 0, 0
DB 0, 0, 0, 0, 0, 0, 0, 0, 0, 0, 0, 0, 0, 0, 0, 0, 0, 0, 0, 0
DB 0, 0, 0, 0, 0, 0, 0, 0, 0, 0, 0, 0, 0, 0, 0, 0, 0, 209, 209, 137
DB 6, 136, 8, 8, 20, 8, 20, 20, 20, 20, 19, 19, 19, 19, 138, 161, 12, 164, 164, 64
DB 65, 65, 65, 65, 65, 164, 12, 164, 164, 12, 163, 233, 19, 19, 19, 20, 20, 20, 20, 20
DB 20, 20, 136, 136, 6, 136, 186, 0, 0, 0, 0, 0, 0, 0, 0, 0, 0, 0, 0, 0
DB 0, 0, 0, 0, 0, 0, 0, 0, 0, 0, 0, 0, 0, 0, 0, 0, 0, 0, 0, 0
DB 0, 0, 0, 0, 0, 0, 0, 0, 0, 0, 0, 0, 0, 0, 0, 0, 0, 0, 0, 0
DB 0, 0, 0, 0, 0, 0, 0, 0, 0, 0, 0, 0, 0, 0, 0, 0, 0, 0, 0, 0
DB 0, 0, 0, 0, 0, 0, 0, 0, 0, 0, 0, 0, 209, 209, 137, 6, 136, 8, 8, 20
DB 8, 20, 20, 20, 20, 19, 19, 19, 19, 138, 161, 12, 164, 164, 64, 65, 65, 65, 65, 65
DB 164, 12, 164, 164, 12, 163, 233, 19, 19, 19, 20, 20, 20, 20, 20, 20, 20, 136, 136, 6
DB 136, 186, 0, 0, 0, 0, 0, 0, 0, 0, 0, 0, 0, 0, 0, 0, 0, 0, 0, 0
DB 0, 0, 0, 0, 0, 0, 0, 0, 0, 0, 0, 0, 0, 0, 0, 0, 0, 0, 0, 0
DB 0, 0, 0, 0, 0, 0, 0, 0, 0, 0, 0, 0, 0, 0, 0, 0, 0, 0, 0, 0
DB 0, 0, 0, 0, 0, 0, 0, 0, 0, 0, 0, 0, 0, 0, 0, 0, 0, 0, 0, 0
DB 0, 0, 0, 0, 0, 0, 0, 136, 136, 6, 137, 136, 20, 20, 8, 20, 20, 20, 20, 20
DB 19, 233, 233, 233, 161, 139, 163, 164, 164, 64, 65, 65, 65, 65, 65, 64, 164, 64, 64, 163
DB 163, 233, 19, 19, 19, 19, 20, 20, 20, 20, 20, 20, 136, 136, 137, 6, 208, 0, 0, 0
DB 0, 0, 0, 0, 0, 0, 0, 0, 0, 0, 0, 0, 0, 0, 0, 0, 0, 0, 0, 0
DB 0, 0, 0, 0, 0, 0, 0, 0, 0, 0, 0, 0, 0, 0, 0, 0, 0, 0, 0, 0
DB 0, 0, 0, 0, 0, 0, 0, 0, 0, 0, 0, 0, 0, 0, 0, 0, 0, 0, 0, 0
DB 0, 0, 0, 0, 0, 0, 0, 0, 0, 0, 0, 0, 0, 0, 0, 0, 0, 0, 0, 0
DB 0, 0, 114, 114, 136, 6, 137, 20, 20, 20, 20, 20, 20, 20, 19, 19, 19, 136, 136, 138
DB 12, 164, 12, 12, 64, 65, 65, 65, 65, 65, 12, 164, 12, 12, 163, 12, 136, 19, 19, 18
DB 20, 20, 20, 20, 20, 20, 20, 235, 235, 6, 136, 186, 0, 0, 0, 0, 0, 0, 0, 0
DB 0, 0, 0, 0, 0, 0, 0, 0, 0, 0, 0, 0, 0, 0, 0, 0, 0, 0, 0, 0
DB 0, 0, 0, 0, 0, 0, 0, 0, 0, 0, 0, 0, 0, 0, 0, 0, 0, 0, 0, 0
DB 0, 0, 0, 0, 0, 0, 0, 0, 0, 0, 0, 0, 0, 0, 0, 0, 0, 0, 0, 0
DB 0, 0, 0, 0, 0, 0, 0, 0, 0, 0, 0, 0, 0, 0, 0, 0, 0, 209, 209, 6
DB 136, 235, 8, 8, 20, 20, 20, 20, 20, 20, 18, 19, 235, 235, 161, 139, 163, 64, 64, 65
DB 65, 65, 65, 65, 65, 24, 12, 24, 24, 140, 163, 137, 19, 19, 18, 20, 19, 20, 20, 20
DB 20, 20, 136, 136, 137, 137, 113, 0, 0, 0, 0, 0, 0, 0, 0, 0, 0, 0, 0, 0
DB 0, 0, 0, 0, 0, 0, 0, 0, 0, 0, 0, 0, 0, 0, 0, 0, 0, 0, 0, 0
DB 0, 0, 0, 0, 0, 0, 0, 0, 0, 0, 0, 0, 0, 0, 0, 0, 0, 0, 0, 0
DB 0, 0, 0, 0, 0, 0, 0, 0, 0, 0, 0, 0, 0, 0, 0, 0, 0, 0, 0, 0
DB 0, 0, 0, 0, 0, 0, 0, 0, 0, 0, 0, 0, 209, 209, 6, 136, 235, 8, 8, 20
DB 20, 20, 20, 20, 20, 18, 19, 235, 235, 161, 139, 163, 64, 64, 65, 65, 65, 65, 65, 65
DB 24, 12, 24, 24, 140, 163, 137, 19, 19, 18, 20, 19, 20, 20, 20, 20, 20, 136, 136, 137
DB 137, 113, 0, 0, 0, 0, 0, 0, 0, 0, 0, 0, 0, 0, 0, 0, 0, 0, 0, 0
DB 0, 0, 0, 0, 0, 0, 0, 0, 0, 0, 0, 0, 0, 0, 0, 0, 0, 0, 0, 0
DB 0, 0, 0, 0, 0, 0, 0, 0, 0, 0, 0, 0, 0, 0, 0, 0, 0, 0, 0, 0
DB 0, 0, 0, 0, 0, 0, 0, 0, 0, 0, 0, 0, 0, 0, 0, 0, 0, 0, 0, 0
DB 0, 0, 0, 0, 0, 0, 0, 186, 186, 136, 114, 137, 8, 8, 20, 20, 20, 19, 19, 19
DB 19, 18, 137, 137, 138, 161, 12, 164, 164, 64, 65, 65, 65, 65, 65, 12, 164, 12, 12, 163
DB 12, 138, 19, 19, 18, 19, 20, 20, 20, 20, 8, 20, 235, 235, 114, 137, 186, 0, 0, 0
DB 0, 0, 0, 0, 0, 0, 0, 0, 0, 0, 0, 0, 0, 0, 0, 0, 0, 0, 0, 0
DB 0, 0, 0, 0, 0, 0, 0, 0, 0, 0, 0, 0, 0, 0, 0, 0, 0, 0, 0, 0
DB 0, 0, 0, 0, 0, 0, 0, 0, 0, 0, 0, 0, 0, 0, 0, 0, 0, 0, 0, 0
DB 0, 0, 0, 0, 0, 0, 0, 0, 0, 0, 0, 0, 0, 0, 0, 0, 0, 0, 0, 0
DB 0, 0, 185, 185, 210, 136, 234, 8, 8, 20, 20, 20, 20, 20, 19, 19, 232, 137, 137, 12
DB 140, 140, 43, 43, 43, 66, 43, 14, 14, 43, 14, 140, 43, 43, 12, 163, 138, 19, 19, 19
DB 19, 19, 20, 20, 20, 20, 8, 137, 137, 136, 137, 209, 0, 0, 0, 0, 0, 0, 0, 0
DB 0, 0, 0, 0, 0, 0, 0, 0, 0, 0, 0, 0, 0, 0, 0, 0, 0, 0, 0, 0
DB 0, 0, 0, 0, 0, 0, 0, 0, 0, 0, 0, 0, 0, 0, 0, 0, 0, 0, 0, 0
DB 0, 0, 0, 0, 0, 0, 0, 0, 0, 0, 0, 0, 0, 0, 0, 0, 0, 0, 0, 0
DB 0, 0, 0, 0, 0, 0, 0, 0, 0, 0, 0, 0, 0, 0, 0, 0, 0, 17, 17, 18
DB 18, 18, 18, 18, 18, 18, 18, 19, 19, 19, 18, 210, 140, 140, 43, 140, 42, 65, 65, 65
DB 66, 66, 65, 65, 65, 24, 42, 65, 65, 164, 43, 6, 233, 233, 18, 19, 20, 19, 19, 19
DB 18, 19, 18, 18, 209, 209, 18, 0, 0, 0, 0, 0, 0, 0, 0, 0, 0, 0, 0, 0
DB 0, 0, 0, 0, 0, 0, 0, 0, 0, 0, 0, 0, 0, 0, 0, 0, 0, 0, 0, 0
DB 0, 0, 0, 0, 0, 0, 0, 0, 0, 0, 0, 0, 0, 0, 0, 0, 0, 0, 0, 0
DB 0, 0, 0, 0, 0, 0, 0, 0, 0, 0, 0, 0, 0, 0, 0, 0, 0, 0, 0, 0
DB 0, 0, 0, 0, 0, 0, 0, 0, 0, 0, 0, 0, 17, 17, 18, 18, 18, 18, 18, 18
DB 18, 18, 19, 19, 19, 18, 210, 140, 140, 43, 140, 42, 65, 65, 65, 66, 66, 65, 65, 65
DB 24, 42, 65, 65, 164, 43, 6, 233, 233, 18, 19, 20, 19, 19, 19, 18, 19, 18, 18, 209
DB 209, 18, 0, 0, 0, 0, 0, 0, 0, 0, 0, 0, 0, 0, 0, 0, 0, 0, 0, 0
DB 0, 0, 0, 0, 0, 0, 0, 0, 0, 0, 0, 0, 0, 0, 0, 0, 0, 0, 0, 0
DB 0, 0, 0, 0, 0, 0, 0, 0, 0, 0, 0, 0, 0, 0, 0, 0, 0, 0, 0, 0
DB 0, 0, 0, 0, 0, 0, 0, 0, 0, 0, 0, 0, 0, 0, 0, 0, 0, 0, 0, 0
DB 0, 0, 0, 0, 0, 0, 0, 0, 0, 0, 17, 0, 0, 0, 0, 17, 18, 19, 19, 19
DB 139, 116, 140, 140, 140, 42, 24, 43, 43, 65, 43, 65, 43, 43, 65, 43, 164, 140, 140, 43
DB 164, 65, 116, 116, 141, 18, 19, 19, 19, 17, 18, 17, 17, 17, 17, 17, 17, 0, 0, 0
DB 0, 0, 0, 0, 0, 0, 0, 0, 0, 0, 0, 0, 0, 0, 0, 0, 0, 0, 0, 0
DB 0, 0, 0, 0, 0, 0, 0, 0, 0, 0, 0, 0, 0, 0, 0, 0, 0, 0, 0, 0
DB 0, 0, 0, 0, 0, 0, 0, 0, 0, 0, 0, 0, 0, 0, 0, 0, 0, 0, 0, 0
DB 0, 0, 0, 0, 0, 0, 0, 0, 0, 0, 0, 0, 0, 0, 0, 0, 0, 0, 0, 0
DB 0, 0, 0, 0, 0, 0, 0, 0, 0, 0, 0, 19, 236, 236, 116, 140, 116, 6, 6, 164
DB 140, 42, 24, 24, 43, 25, 43, 65, 65, 140, 65, 43, 24, 24, 12, 140, 140, 116, 116, 116
DB 140, 236, 19, 19, 0, 0, 0, 0, 0, 0, 0, 0, 0, 0, 0, 0, 0, 0, 0, 0
DB 0, 0, 0, 0, 0, 0, 0, 0, 0, 0, 0, 0, 0, 0, 0, 0, 0, 0, 0, 0
DB 0, 0, 0, 0, 0, 0, 0, 0, 0, 0, 0, 0, 0, 0, 0, 0, 0, 0, 0, 0
DB 0, 0, 0, 0, 0, 0, 0, 0, 0, 0, 0, 0, 0, 0, 0, 0, 0, 0, 0, 0
DB 0, 0, 0, 0, 0, 0, 0, 0, 0, 0, 0, 0, 0, 0, 0, 0, 0, 0, 0, 0
DB 0, 0, 0, 0, 0, 0, 236, 140, 140, 117, 139, 140, 140, 140, 6, 140, 140, 6, 6, 140
DB 6, 140, 140, 140, 6, 6, 140, 6, 6, 116, 140, 42, 139, 139, 139, 116, 140, 20, 20, 0
DB 0, 0, 0, 0, 0, 0, 0, 0, 0, 0, 0, 0, 0, 0, 0, 0, 0, 0, 0, 0
DB 0, 0, 0, 0, 0, 0, 0, 0, 0, 0, 0, 0, 0, 0, 0, 0, 0, 0, 0, 0
DB 0, 0, 0, 0, 0, 0, 0, 0, 0, 0, 0, 0, 0, 0, 0, 0, 0, 0, 0, 0
DB 0, 0, 0, 0, 0, 0, 0, 0, 0, 0, 0, 0, 0, 0, 0, 0, 0, 0, 0, 0
DB 0, 0, 0, 0, 0, 0, 0, 0, 0, 0, 0, 0, 0, 0, 0, 0, 0, 0, 0, 0
DB 17, 116, 140, 140, 115, 139, 116, 6, 6, 6, 6, 42, 6, 6, 6, 42, 6, 6, 6, 42
DB 6, 6, 6, 6, 6, 6, 6, 140, 140, 115, 117, 140, 116, 116, 17, 0, 0, 0, 0, 0
DB 0, 0, 0, 0, 0, 0, 0, 0, 0, 0, 0, 0, 0, 0, 0, 0, 0, 0, 0, 0
DB 0, 0, 0, 0, 0, 0, 0, 0, 0, 0, 0, 0, 0, 0, 0, 0, 0, 0, 0, 0
DB 0, 0, 0, 0, 0, 0, 0, 0, 0, 0, 0, 0, 0, 0, 0, 0, 0, 0, 0, 0
DB 0, 0, 0, 0, 0, 0, 0, 0, 0, 0, 0, 0, 0, 0, 0, 0, 0, 0, 0, 0
DB 0, 0, 0, 0, 0, 0, 0, 0, 0, 0, 0, 0, 0, 0, 0, 17, 116, 140, 140, 115
DB 139, 116, 6, 6, 6, 6, 42, 6, 6, 6, 42, 6, 6, 6, 42, 6, 6, 6, 6, 6
DB 6, 6, 140, 140, 115, 117, 140, 116, 116, 17, 0, 0, 0, 0, 0, 0, 0, 0, 0, 0
DB 0, 0, 0, 0, 0, 0, 0, 0, 0, 0, 0, 0, 0, 0, 0, 0, 0, 0, 0, 0
DB 0, 0, 0, 0, 0, 0, 0, 0, 0, 0, 0, 0, 0, 0, 0, 0, 0, 0, 0, 0
DB 0, 0, 0, 0, 0, 0, 0, 0, 0, 0, 0, 0, 0, 0, 0, 0, 0, 0, 0, 0
DB 0, 0, 0, 0, 0, 0, 0, 0, 0, 0, 0, 0, 0, 0, 0, 0, 0, 0, 0, 0
DB 0, 0, 0, 0, 0, 0, 0, 0, 0, 0, 187, 18, 140, 140, 116, 6, 6, 6, 6, 140
DB 42, 140, 6, 6, 140, 6, 140, 140, 140, 140, 6, 140, 42, 42, 140, 6, 140, 6, 6, 6
DB 140, 140, 186, 186, 190, 0, 0, 0, 0, 0, 0, 0, 0, 0, 0, 0, 0, 0, 0, 0
DB 0, 0, 0, 0, 0, 0, 0, 0, 0, 0, 0, 0, 0, 0, 0, 0, 0, 0, 0, 0
DB 0, 0, 0, 0, 0, 0, 0, 0, 0, 0, 0, 0, 0, 0, 0, 0, 0, 0, 0, 0
DB 0, 0, 0, 0, 0, 0, 0, 0, 0, 0, 0, 0, 0, 0, 0, 0, 0, 0, 0, 0
DB 0, 0, 0, 0, 0, 0, 0, 0, 0, 0, 0, 0, 0, 0, 0, 0, 0, 0, 0, 0
DB 0, 0, 0, 0, 0, 0, 17, 6, 6, 6, 140, 6, 140, 140, 6, 140, 6, 42, 42, 6
DB 42, 140, 42, 42, 6, 42, 6, 6, 6, 6, 6, 6, 6, 6, 6, 6, 116, 17, 17, 0
DB 0, 0, 0, 0, 0, 0, 0, 0, 0, 0, 0, 0, 0, 0, 0, 0, 0, 0, 0, 0
DB 0, 0, 0, 0, 0, 0, 0, 0, 0, 0, 0, 0, 0, 0, 0, 0, 0, 0, 0, 0
DB 0, 0, 0, 0, 0, 0, 0, 0, 0, 0, 0, 0, 0, 0, 0, 0, 0, 0, 0, 0
DB 0, 0, 0, 0, 0, 0, 0, 0, 0, 0, 0, 0, 0, 0, 0, 0, 0, 0, 0, 0
DB 0, 0, 0, 0, 0, 0, 0, 0, 0, 0, 0, 0, 0, 0, 0, 0, 0, 17, 17, 17
DB 17, 17, 140, 140, 6, 6, 6, 140, 140, 140, 42, 140, 140, 140, 6, 140, 6, 140, 140, 140
DB 140, 6, 140, 140, 42, 140, 6, 6, 6, 140, 6, 6, 17, 17, 17, 0, 0, 0, 0, 0
DB 0, 0, 0, 0, 0, 0, 0, 0, 0, 0, 0, 0, 0, 0, 0, 0, 0, 0, 0, 0
DB 0, 0, 0, 0, 0, 0, 0, 0, 0, 0, 0, 0, 0, 0, 0, 0, 0, 0, 0, 0
DB 0, 0, 0, 0, 0, 0, 0, 0, 0, 0, 0, 0, 0, 0, 0, 0, 0, 0, 0, 0
DB 0, 0, 0, 0, 0, 0, 0, 0, 0, 0, 0, 0, 0, 0, 0, 0, 0, 0, 0, 0
DB 0, 0, 0, 0, 0, 0, 0, 0, 0, 0, 0, 0, 17, 17, 17, 17, 17, 140, 140, 6
DB 6, 6, 140, 140, 140, 42, 140, 140, 140, 6, 140, 6, 140, 140, 140, 140, 6, 140, 140, 42
DB 140, 6, 6, 6, 140, 6, 6, 17, 17, 17, 0, 0, 0, 0, 0, 0, 0, 0, 0, 0
DB 0, 0, 0, 0, 0, 0, 0, 0, 0, 0, 0, 0, 0, 0, 0, 0, 0, 0, 0, 0
DB 0, 0, 0, 0, 0, 0, 0, 0, 0, 0, 0, 0, 0, 0, 0, 0, 0, 0, 0, 0
DB 0, 0, 0, 0, 0, 0, 0, 0, 0, 0, 0, 0, 0, 0, 0, 0, 0, 0, 0, 0
DB 0, 0, 0, 0, 0, 0, 0, 0, 0, 0, 0, 0, 0, 0, 0, 0, 0, 0, 0, 0
DB 0, 0, 0, 0, 0, 0, 0, 17, 17, 0, 188, 6, 6, 6, 6, 140, 6, 140, 140, 6
DB 6, 140, 6, 6, 140, 42, 140, 42, 42, 6, 42, 6, 42, 42, 140, 6, 42, 140, 140, 6
DB 6, 140, 6, 6, 187, 0, 0, 0, 0, 0, 0, 0, 0, 0, 0, 0, 0, 0, 0, 0
DB 0, 0, 0, 0, 0, 0, 0, 0, 0, 0, 0, 0, 0, 0, 0, 0, 0, 0, 0, 0
DB 0, 0, 0, 0, 0, 0, 0, 0, 0, 0, 0, 0, 0, 0, 0, 0, 0, 0, 0, 0
DB 0, 0, 0, 0, 0, 0, 0, 0, 0, 0, 0, 0, 0, 0, 0, 0, 0, 0, 0, 0
DB 0, 0, 0, 0, 0, 0, 0, 0, 0, 0, 0, 0, 0, 0, 0, 0, 0, 0, 0, 0
DB 0, 186, 0, 0, 0, 187, 6, 140, 140, 6, 6, 6, 140, 140, 6, 140, 140, 140, 140, 42
DB 140, 6, 140, 140, 43, 140, 6, 140, 140, 6, 6, 140, 6, 6, 6, 140, 6, 6, 6, 215
DB 0, 0, 17, 17, 0, 0, 0, 0, 0, 0, 0, 0, 0, 0, 0, 0, 0, 0, 0, 0
DB 0, 0, 0, 0, 0, 0, 0, 0, 0, 0, 0, 0, 0, 0, 0, 0, 0, 0, 0, 0
DB 0, 0, 0, 0, 0, 0, 0, 0, 0, 0, 0, 0, 0, 0, 0, 0, 0, 0, 0, 0
DB 0, 0, 0, 0, 0, 0, 0, 0, 0, 0, 0, 0, 0, 0, 0, 0, 0, 0, 0, 0
DB 0, 0, 0, 0, 0, 0, 0, 0, 0, 0, 0, 0, 0, 0, 0, 0, 17, 0, 0, 0
DB 212, 6, 116, 116, 6, 140, 6, 6, 6, 6, 6, 6, 140, 140, 6, 42, 140, 6, 6, 140
DB 6, 6, 6, 6, 6, 6, 6, 140, 140, 6, 6, 140, 6, 6, 213, 0, 0, 17, 17, 0
DB 0, 0, 0, 0, 0, 0, 0, 0, 0, 0, 0, 0, 0, 0, 0, 0, 0, 0, 0, 0
DB 0, 0, 0, 0, 0, 0, 0, 0, 0, 0, 0, 0, 0, 0, 0, 0, 0, 0, 0, 0
DB 0, 0, 0, 0, 0, 0, 0, 0, 0, 0, 0, 0, 0, 0, 0, 0, 0, 0, 0, 0
DB 0, 0, 0, 0, 0, 0, 0, 0, 0, 0, 0, 0, 0, 0, 0, 0, 0, 0, 0, 0
DB 0, 0, 0, 0, 0, 0, 0, 0, 0, 0, 17, 190, 0, 0, 0, 212, 6, 140, 140, 6
DB 6, 6, 140, 140, 6, 140, 140, 6, 6, 140, 140, 6, 140, 140, 6, 6, 140, 6, 6, 140
DB 140, 6, 6, 6, 140, 6, 6, 140, 140, 187, 0, 0, 17, 17, 0, 0, 0, 0, 0, 0
DB 0, 0, 0, 0, 0, 0, 0, 0, 0, 0, 0, 0, 0, 0, 0, 0, 0, 0, 0, 0
DB 0, 0, 0, 0, 0, 0, 0, 0, 0, 0, 0, 0, 0, 0, 0, 0, 0, 0, 0, 0
DB 0, 0, 0, 0, 0, 0, 0, 0, 0, 0, 0, 0, 0, 0, 0, 0, 0, 0, 0, 0
DB 0, 0, 0, 0, 0, 0, 0, 0, 0, 0, 0, 0, 0, 0, 0, 0, 0, 0, 0, 0
DB 0, 0, 0, 0, 0, 17, 190, 0, 0, 0, 212, 6, 140, 140, 6, 6, 6, 140, 140, 6
DB 140, 140, 6, 6, 140, 140, 6, 140, 140, 6, 6, 140, 6, 6, 140, 140, 6, 6, 6, 140
DB 6, 6, 140, 140, 187, 0, 0, 17, 17, 0, 0, 0, 0, 0, 0, 0, 0, 0, 0, 0
DB 0, 0, 0, 0, 0, 0, 0, 0, 0, 0, 0, 0, 0, 0, 0, 0, 0, 0, 0, 0
DB 0, 0, 0, 0, 0, 0, 0, 0, 0, 0, 0, 0, 0, 0, 0, 0, 0, 0, 0, 0
DB 0, 0, 0, 0, 0, 0, 0, 0, 0, 0, 0, 0, 0, 0, 0, 0, 0, 0, 0, 0
DB 0, 0, 0, 0, 0, 0, 0, 0, 0, 0, 0, 0, 0, 0, 0, 0, 0, 0, 0, 0
DB 186, 0, 0, 0, 17, 114, 140, 6, 6, 140, 6, 140, 6, 6, 140, 140, 6, 140, 140, 140
DB 140, 140, 140, 140, 24, 140, 140, 140, 140, 140, 116, 6, 140, 140, 6, 6, 140, 6, 6, 188
DB 17, 0, 0, 0, 17, 0, 0, 0, 0, 0, 0, 0, 0, 0, 0, 0, 0, 0, 0, 0
DB 0, 0, 0, 0, 0, 0, 0, 0, 0, 0, 0, 0, 0, 0, 0, 0, 0, 0, 0, 0
DB 0, 0, 0, 0, 0, 0, 0, 0, 0, 0, 0, 0, 0, 0, 0, 0, 0, 0, 0, 0
DB 0, 0, 0, 0, 0, 0, 0, 0, 0, 0, 0, 0, 0, 0, 0, 0, 0, 0, 0, 0
DB 0, 0, 0, 0, 0, 0, 0, 0, 0, 0, 0, 0, 0, 0, 0, 190, 0, 0, 0, 187
DB 6, 6, 116, 116, 6, 140, 116, 140, 140, 140, 140, 140, 140, 140, 140, 140, 140, 140, 140, 140
DB 140, 140, 140, 140, 140, 140, 140, 116, 116, 140, 6, 6, 6, 6, 6, 188, 0, 17, 17, 17
DB 0, 0, 0, 0, 0, 0, 0, 0, 0, 0, 0, 0, 0, 0, 0, 0, 0, 0, 0, 0
DB 0, 0, 0, 0, 0, 0, 0, 0, 0, 0, 0, 0, 0, 0, 0, 0, 0, 0, 0, 0
DB 0, 0, 0, 0, 0, 0, 0, 0, 0, 0, 0, 0, 0, 0, 0, 0, 0, 0, 0, 0
DB 0, 0, 0, 0, 0, 0, 0, 0, 0, 0, 0, 0, 0, 0, 0, 0, 0, 0, 0, 0
DB 0, 0, 0, 0, 0, 0, 0, 0, 0, 0, 186, 0, 0, 0, 212, 6, 140, 6, 6, 140
DB 116, 140, 140, 140, 116, 140, 140, 140, 140, 140, 140, 140, 140, 140, 140, 140, 140, 140, 140, 116
DB 140, 140, 140, 140, 116, 140, 140, 6, 6, 140, 114, 0, 17, 17, 0, 0, 0, 0, 0, 0
DB 0, 0, 0, 0, 0, 0, 0, 0, 0, 0, 0, 0, 0, 0, 0, 0, 0, 0, 0, 0
DB 0, 0, 0, 0, 0, 0, 0, 0, 0, 0, 0, 0, 0, 0, 0, 0, 0, 0, 0, 0
DB 0, 0, 0, 0, 0, 0, 0, 0, 0, 0, 0, 0, 0, 0, 0, 0, 0, 0, 0, 0
DB 0, 0, 0, 0, 0, 0, 0, 0, 0, 0, 0, 0, 0, 0, 0, 0, 0, 0, 0, 0
DB 0, 0, 0, 0, 0, 186, 0, 0, 0, 212, 6, 140, 6, 6, 140, 116, 140, 140, 140, 116
DB 140, 140, 140, 140, 140, 140, 140, 140, 140, 140, 140, 140, 140, 140, 116, 140, 140, 140, 140, 116
DB 140, 140, 6, 6, 140, 114, 0, 17, 17, 0, 0, 0, 0, 0, 0, 0, 0, 0, 0, 0
DB 0, 0, 0, 0, 0, 0, 0, 0, 0, 0, 0, 0, 0, 0, 0, 0, 0, 0, 0, 0
DB 0, 0, 0, 0, 0, 0, 0, 0, 0, 0, 0, 0, 0, 0, 0, 0, 0, 0, 0, 0
DB 0, 0, 0, 0, 0, 0, 0, 0, 0, 0, 0, 0, 0, 0, 0, 0, 0, 0, 0, 0
DB 0, 0, 0, 0, 0, 0, 0, 0, 0, 0, 0, 0, 0, 0, 0, 0, 0, 0, 0, 0
DB 17, 0, 17, 17, 115, 140, 6, 140, 140, 116, 140, 140, 140, 140, 140, 140, 140, 140, 140, 140
DB 140, 140, 140, 140, 140, 140, 140, 140, 140, 140, 139, 116, 140, 140, 140, 140, 116, 140, 140, 6
DB 188, 17, 17, 17, 0, 0, 0, 0, 0, 0, 0, 0, 0, 0, 0, 0, 0, 0, 0, 0
DB 0, 0, 0, 0, 0, 0, 0, 0, 0, 0, 0, 0, 0, 0, 0, 0, 0, 0, 0, 0
DB 0, 0, 0, 0, 0, 0, 0, 0, 0, 0, 0, 0, 0, 0, 0, 0, 0, 0, 0, 0
DB 0, 0, 0, 0, 0, 0, 0, 0, 0, 0, 0, 0, 0, 0, 0, 0, 0, 0, 0, 0
DB 0, 0, 0, 0, 0, 0, 0, 0, 0, 0, 0, 0, 0, 0, 0, 17, 0, 187, 187, 140
DB 116, 140, 116, 116, 139, 139, 139, 116, 116, 140, 140, 140, 140, 140, 140, 140, 140, 140, 140, 140
DB 140, 140, 140, 140, 140, 140, 141, 139, 139, 140, 116, 139, 116, 116, 140, 140, 6, 17, 17, 0
DB 0, 0, 0, 0, 0, 0, 0, 0, 0, 0, 0, 0, 0, 0, 0, 0, 0, 0, 0, 0
DB 0, 0, 0, 0, 0, 0, 0, 0, 0, 0, 0, 0, 0, 0, 0, 0, 0, 0, 0, 0
DB 0, 0, 0, 0, 0, 0, 0, 0, 0, 0, 0, 0, 0, 0, 0, 0, 0, 0, 0, 0
DB 0, 0, 0, 0, 0, 0, 0, 0, 0, 0, 0, 0, 0, 0, 0, 0, 0, 0, 0, 0
DB 0, 0, 0, 0, 0, 0, 0, 0, 0, 0, 17, 0, 187, 187, 140, 140, 140, 139, 139, 141
DB 117, 139, 141, 141, 139, 140, 140, 140, 140, 140, 140, 140, 140, 140, 140, 140, 140, 140, 140, 116
DB 139, 141, 116, 116, 139, 141, 139, 140, 140, 140, 116, 140, 17, 17, 0, 0, 0, 0, 0, 0
DB 0, 0, 0, 0, 0, 0, 0, 0, 0, 0, 0, 0, 0, 0, 0, 0, 0, 0, 0, 0
DB 0, 0, 0, 0, 0, 0, 0, 0, 0, 0, 0, 0, 0, 0, 0, 0, 0, 0, 0, 0
DB 0, 0, 0, 0, 0, 0, 0, 0, 0, 0, 0, 0, 0, 0, 0, 0, 0, 0, 0, 0
DB 0, 0, 0, 0, 0, 0, 0, 0, 0, 0, 0, 0, 0, 0, 0, 0, 0, 0, 0, 0
DB 0, 0, 0, 0, 0, 17, 0, 187, 187, 140, 140, 140, 139, 139, 141, 117, 139, 141, 141, 139
DB 140, 140, 140, 140, 140, 140, 140, 140, 140, 140, 140, 140, 140, 140, 116, 139, 141, 116, 116, 139
DB 141, 139, 140, 140, 140, 116, 140, 17, 17, 0, 0, 0, 0, 0, 0, 0, 0, 0, 0, 0
DB 0, 0, 0, 0, 0, 0, 0, 0, 0, 0, 0, 0, 0, 0, 0, 0, 0, 0, 0, 0
DB 0, 0, 0, 0, 0, 0, 0, 0, 0, 0, 0, 0, 0, 0, 0, 0, 0, 0, 0, 0
DB 0, 0, 0, 0, 0, 0, 0, 0, 0, 0, 0, 0, 0, 0, 0, 0, 0, 0, 0, 0
DB 0, 0, 0, 0, 0, 0, 0, 0, 0, 0, 0, 0, 0, 0, 0, 0, 0, 0, 0, 0
DB 17, 0, 187, 187, 140, 139, 140, 117, 117, 138, 139, 117, 139, 139, 140, 140, 140, 140, 140, 140
DB 140, 140, 140, 140, 140, 140, 140, 140, 140, 141, 116, 139, 141, 141, 115, 142, 115, 140, 140, 140
DB 140, 116, 17, 17, 0, 0, 0, 0, 0, 0, 0, 0, 0, 0, 0, 0, 0, 0, 0, 0
DB 0, 0, 0, 0, 0, 0, 0, 0, 0, 0, 0, 0, 0, 0, 0, 0, 0, 0, 0, 0
DB 0, 0, 0, 0, 0, 0, 0, 0, 0, 0, 0, 0, 0, 0, 0, 0, 0, 0, 0, 0
DB 0, 0, 0, 0, 0, 0, 0, 0, 0, 0, 0, 0, 0, 0, 0, 0, 0, 0, 0, 0
DB 0, 0, 0, 0, 0, 0, 0, 0, 0, 0, 0, 0, 0, 0, 0, 190, 0, 187, 187, 141
DB 116, 140, 115, 115, 139, 117, 139, 141, 141, 116, 140, 140, 140, 140, 140, 140, 140, 140, 140, 140
DB 140, 140, 140, 140, 139, 141, 139, 141, 141, 141, 115, 141, 141, 141, 139, 139, 117, 0, 0, 0
DB 0, 0, 0, 0, 0, 0, 0, 0, 0, 0, 0, 0, 0, 0, 0, 0, 0, 0, 0, 0
DB 0, 0, 0, 0, 0, 0, 0, 0, 0, 0, 0, 0, 0, 0, 0, 0, 0, 0, 0, 0
DB 0, 0, 0, 0, 0, 0, 0, 0, 0, 0, 0, 0, 0, 0, 0, 0, 0, 0, 0, 0
DB 0, 0, 0, 0, 0, 0, 0, 0, 0, 0, 0, 0, 0, 0, 0, 0, 0, 0, 0, 0
DB 0, 0, 0, 0, 0, 0, 0, 0, 0, 0, 17, 0, 213, 213, 116, 139, 140, 138, 138, 117
DB 142, 139, 116, 116, 139, 140, 140, 140, 140, 140, 140, 140, 140, 140, 140, 140, 140, 116, 116, 141
DB 139, 116, 141, 141, 115, 142, 139, 116, 116, 141, 116, 212, 0, 0, 0, 0, 0, 0, 0, 0
DB 0, 0, 0, 0, 0, 0, 0, 0, 0, 0, 0, 0, 0, 0, 0, 0, 0, 0, 0, 0
DB 0, 0, 0, 0, 0, 0, 0, 0, 0, 0, 0, 0, 0, 0, 0, 0, 0, 0, 0, 0
DB 0, 0, 0, 0, 0, 0, 0, 0, 0, 0, 0, 0, 0, 0, 0, 0, 0, 0, 0, 0
DB 0, 0, 0, 0, 0, 0, 0, 0, 0, 0, 0, 0, 0, 0, 0, 0, 0, 0, 0, 0
DB 0, 0, 0, 0, 0, 17, 0, 187, 187, 6, 140, 116, 115, 115, 142, 115, 142, 139, 139, 141
DB 140, 116, 140, 140, 140, 140, 140, 140, 140, 140, 140, 140, 140, 140, 139, 116, 141, 139, 139, 117
DB 138, 117, 139, 139, 140, 6, 115, 17, 17, 0, 0, 0, 0, 0, 0, 0, 0, 0, 0, 0
DB 0, 0, 0, 0, 0, 0, 0, 0, 0, 0, 0, 0, 0, 0, 0, 0, 0, 0, 0, 0
DB 0, 0, 0, 0, 0, 0, 0, 0, 0, 0, 0, 0, 0, 0, 0, 0, 0, 0, 0, 0
DB 0, 0, 0, 0, 0, 0, 0, 0, 0, 0, 0, 0, 0, 0, 0, 0, 0, 0, 0, 0
DB 0, 0, 0, 0, 0, 0, 0, 0, 0, 0, 0, 0, 0, 0, 0, 0, 0, 0, 0, 0
DB 17, 0, 187, 187, 6, 140, 116, 115, 115, 142, 115, 142, 139, 139, 141, 140, 116, 140, 140, 140
DB 140, 140, 140, 140, 140, 140, 140, 140, 140, 139, 116, 141, 139, 139, 117, 138, 117, 139, 139, 140
DB 6, 115, 17, 17, 0, 0, 0, 0, 0, 0, 0, 0, 0, 0, 0, 0, 0, 0, 0, 0
DB 0, 0, 0, 0, 0, 0, 0, 0, 0, 0, 0, 0, 0, 0, 0, 0, 0, 0, 0, 0
DB 0, 0, 0, 0, 0, 0, 0, 0, 0, 0, 0, 0, 0, 0, 0, 0, 0, 0, 0, 0
DB 0, 0, 0, 0, 0, 0, 0, 0, 0, 0, 0, 0, 0, 0, 0, 0, 0, 0, 0, 0
DB 0, 0, 0, 0, 0, 0, 0, 0, 0, 0, 0, 0, 0, 0, 0, 17, 186, 212, 212, 6
DB 24, 140, 139, 139, 115, 142, 115, 141, 141, 139, 140, 140, 24, 24, 66, 25, 24, 140, 140, 66
DB 25, 140, 140, 140, 141, 139, 117, 138, 138, 142, 115, 141, 139, 139, 6, 140, 115, 17, 17, 0
DB 0, 0, 0, 0, 0, 0, 0, 0, 0, 0, 0, 0, 0, 0, 0, 0, 0, 0, 0, 0
DB 0, 0, 0, 0, 0, 0, 0, 0, 0, 0, 0, 0, 0, 0, 0, 0, 0, 0, 0, 0
DB 0, 0, 0, 0, 0, 0, 0, 0, 0, 0, 0, 0, 0, 0, 0, 0, 0, 0, 0, 0
DB 0, 0, 0, 0, 0, 0, 0, 0, 0, 0, 0, 0, 0, 0, 0, 0, 0, 0, 0, 0
DB 0, 0, 0, 0, 0, 0, 0, 0, 0, 0, 0, 116, 140, 140, 42, 43, 140, 116, 116, 142
DB 138, 141, 116, 116, 140, 140, 140, 140, 140, 25, 70, 66, 70, 70, 25, 70, 164, 140, 140, 116
DB 139, 139, 141, 141, 115, 142, 116, 140, 140, 66, 6, 115, 17, 17, 0, 0, 0, 0, 0, 0
DB 0, 0, 0, 0, 0, 0, 0, 0, 0, 0, 0, 0, 0, 0, 0, 0, 0, 0, 0, 0
DB 0, 0, 0, 0, 0, 0, 0, 0, 0, 0, 0, 0, 0, 0, 0, 0, 0, 0, 0, 0
DB 0, 0, 0, 0, 0, 0, 0, 0, 0, 0, 0, 0, 0, 0, 0, 0, 0, 0, 0, 0
DB 0, 0, 0, 0, 0, 0, 0, 0, 0, 0, 0, 0, 0, 0, 0, 0, 0, 0, 0, 0
DB 0, 0, 0, 0, 0, 0, 140, 6, 6, 42, 24, 65, 6, 6, 138, 117, 140, 140, 140, 164
DB 140, 140, 140, 140, 70, 25, 66, 25, 25, 70, 66, 140, 140, 140, 164, 140, 140, 115, 115, 142
DB 115, 140, 65, 65, 42, 140, 115, 17, 17, 0, 0, 0, 0, 0, 0, 0, 0, 0, 0, 0
DB 0, 0, 0, 0, 0, 0, 0, 0, 0, 0, 0, 0, 0, 0, 0, 0, 0, 0, 0, 0
DB 0, 0, 0, 0, 0, 0, 0, 0, 0, 0, 0, 0, 0, 0, 0, 0, 0, 0, 0, 0
DB 0, 0, 0, 0, 0, 0, 0, 0, 0, 0, 0, 0, 0, 0, 0, 0, 0, 0, 0, 0
DB 0, 0, 0, 0, 0, 0, 0, 0, 0, 0, 0, 0, 0, 0, 0, 0, 0, 0, 0, 0
DB 0, 140, 6, 6, 42, 24, 65, 6, 6, 138, 117, 140, 140, 140, 164, 140, 140, 140, 140, 70
DB 25, 66, 25, 25, 70, 66, 140, 140, 140, 164, 140, 140, 115, 115, 142, 115, 140, 65, 65, 42
DB 140, 115, 17, 17, 0, 0, 0, 0, 0, 0, 0, 0, 0, 0, 0, 0, 0, 0, 0, 0
DB 0, 0, 0, 0, 0, 0, 0, 0, 0, 0, 0, 0, 0, 0, 0, 0, 0, 0, 0, 0
DB 0, 0, 0, 0, 0, 0, 0, 0, 0, 0, 0, 0, 0, 0, 0, 0, 0, 0, 0, 0
DB 0, 0, 0, 0, 0, 0, 0, 0, 0, 0, 0, 0, 0, 0, 0, 0, 0, 0, 0, 0
DB 0, 0, 0, 0, 0, 0, 0, 0, 0, 0, 0, 0, 0, 0, 0, 17, 114, 43, 43, 24
DB 43, 24, 6, 6, 140, 139, 139, 140, 140, 164, 70, 164, 164, 164, 66, 70, 25, 70, 70, 65
DB 24, 140, 140, 140, 25, 140, 140, 141, 141, 139, 139, 6, 66, 66, 140, 6, 140, 185, 185, 0
DB 0, 0, 0, 0, 0, 0, 0, 0, 0, 0, 0, 0, 0, 0, 0, 0, 0, 0, 0, 0
DB 0, 0, 0, 0, 0, 0, 0, 0, 0, 0, 0, 0, 0, 0, 0, 0, 0, 0, 0, 0
DB 0, 0, 0, 0, 0, 0, 0, 0, 0, 0, 0, 0, 0, 0, 0, 0, 0, 0, 0, 0
DB 0, 0, 19, 19, 0, 0, 0, 0, 0, 0, 0, 0, 0, 0, 0, 0, 0, 0, 0, 0
DB 0, 0, 0, 0, 0, 0, 0, 0, 0, 0, 18, 137, 6, 6, 43, 24, 43, 164, 164, 116
DB 140, 140, 140, 140, 140, 25, 66, 140, 140, 25, 66, 25, 66, 66, 71, 24, 140, 25, 25, 140
DB 140, 140, 116, 116, 141, 116, 140, 66, 66, 66, 6, 116, 18, 18, 0, 0, 0, 0, 0, 0
DB 0, 0, 0, 0, 0, 0, 0, 0, 0, 0, 0, 0, 0, 0, 0, 0, 0, 0, 0, 0
DB 18, 17, 0, 0, 0, 0, 0, 0, 0, 0, 0, 0, 0, 0, 0, 0, 0, 0, 0, 0
DB 0, 0, 0, 0, 0, 0, 0, 0, 0, 0, 0, 0, 0, 0, 0, 0, 17, 20, 20, 17
DB 0, 0, 0, 0, 0, 0, 0, 0, 0, 0, 0, 0, 0, 0, 0, 0, 0, 0, 0, 0
DB 0, 0, 0, 0, 0, 232, 6, 159, 159, 43, 140, 66, 65, 65, 6, 140, 140, 140, 140, 140
DB 140, 25, 140, 140, 70, 25, 70, 25, 25, 25, 66, 140, 14, 14, 24, 140, 140, 139, 139, 140
DB 6, 140, 43, 43, 24, 43, 136, 186, 186, 0, 0, 0, 0, 0, 0, 0, 0, 0, 0, 0
DB 0, 0, 0, 0, 0, 0, 0, 0, 0, 0, 0, 0, 0, 0, 0, 20, 18, 0, 0, 0
DB 0, 0, 0, 0, 0, 0, 0, 0, 0, 0, 0, 0, 0, 0, 0, 0, 0, 0, 0, 0
DB 0, 0, 0, 0, 18, 0, 0, 0, 0, 0, 0, 18, 20, 20, 0, 0, 0, 0, 0, 0
DB 0, 0, 0, 0, 0, 0, 0, 0, 0, 0, 0, 0, 0, 0, 0, 0, 0, 0, 0, 0
DB 114, 160, 6, 6, 23, 43, 66, 6, 6, 140, 140, 140, 140, 140, 140, 140, 70, 140, 140, 164
DB 70, 65, 70, 70, 67, 140, 140, 24, 24, 140, 140, 140, 140, 140, 140, 140, 42, 25, 25, 43
DB 139, 137, 114, 114, 17, 0, 0, 0, 0, 0, 0, 0, 0, 0, 0, 0, 0, 0, 0, 0
DB 0, 0, 0, 0, 0, 0, 0, 0, 0, 0, 20, 19, 0, 0, 0, 0, 0, 0, 0, 0
DB 0, 0, 0, 0, 0, 0, 0, 0, 0, 0, 0, 0, 0, 0, 0, 0, 0, 0, 0, 18
DB 0, 0, 0, 0, 0, 0, 18, 20, 20, 0, 0, 0, 0, 0, 0, 0, 0, 0, 0, 0
DB 0, 0, 0, 0, 0, 0, 0, 0, 0, 0, 0, 0, 0, 0, 0, 114, 160, 6, 6, 23
DB 43, 66, 6, 6, 140, 140, 140, 140, 140, 140, 140, 70, 140, 140, 164, 70, 65, 70, 70, 67
DB 140, 140, 24, 24, 140, 140, 140, 140, 140, 140, 140, 42, 25, 25, 43, 139, 137, 114, 114, 17
DB 0, 0, 0, 0, 0, 0, 0, 0, 0, 0, 0, 0, 0, 0, 0, 0, 0, 0, 0, 0
DB 0, 0, 0, 0, 0, 20, 19, 0, 0, 0, 0, 0, 0, 0, 0, 0, 0, 0, 0, 0
DB 0, 0, 0, 0, 0, 0, 0, 0, 0, 0, 0, 0, 18, 18, 19, 0, 0, 0, 0, 0
DB 0, 19, 20, 20, 17, 0, 0, 0, 0, 0, 0, 0, 0, 0, 0, 0, 0, 0, 0, 0
DB 0, 0, 0, 0, 0, 0, 0, 0, 0, 0, 233, 6, 158, 158, 163, 25, 43, 164, 164, 140
DB 140, 140, 140, 140, 140, 24, 65, 24, 24, 66, 25, 25, 66, 66, 25, 140, 70, 164, 164, 140
DB 140, 140, 140, 140, 140, 140, 24, 14, 14, 24, 162, 137, 136, 136, 17, 0, 0, 0, 0, 0
DB 0, 0, 0, 0, 0, 0, 0, 0, 0, 0, 0, 0, 0, 0, 0, 0, 0, 0, 0, 0
DB 18, 20, 17, 17, 0, 0, 0, 0, 0, 0, 18, 18, 0, 0, 0, 0, 0, 0, 0, 0
DB 0, 0, 0, 0, 0, 0, 0, 8, 8, 20, 0, 0, 0, 0, 0, 0, 8, 19, 19, 17
DB 0, 0, 0, 0, 0, 0, 0, 0, 0, 0, 0, 0, 0, 0, 0, 0, 0, 0, 0, 0
DB 0, 0, 0, 0, 17, 138, 159, 162, 162, 23, 25, 7, 14, 14, 140, 140, 140, 140, 140, 140
DB 140, 140, 70, 70, 140, 67, 70, 25, 25, 70, 140, 24, 140, 140, 140, 140, 140, 140, 140, 116
DB 140, 45, 25, 25, 25, 22, 160, 20, 20, 210, 0, 0, 0, 0, 0, 0, 0, 0, 0, 0
DB 0, 0, 0, 0, 0, 0, 0, 0, 0, 0, 0, 0, 0, 0, 0, 18, 8, 20, 20, 17
DB 0, 0, 0, 0, 0, 20, 20, 0, 0, 0, 0, 0, 0, 0, 0, 0, 0, 17, 17, 136
DB 138, 161, 22, 22, 20, 0, 0, 0, 0, 0, 19, 8, 19, 19, 0, 0, 0, 0, 0, 0
DB 0, 0, 0, 0, 0, 0, 0, 0, 0, 0, 0, 0, 0, 0, 0, 0, 0, 0, 0, 18
DB 8, 22, 22, 22, 23, 25, 25, 23, 23, 140, 140, 140, 140, 140, 140, 140, 140, 25, 25, 140
DB 24, 66, 25, 25, 66, 140, 66, 164, 164, 140, 140, 140, 140, 140, 140, 140, 24, 25, 25, 25
DB 23, 8, 8, 8, 20, 17, 0, 0, 0, 0, 0, 0, 0, 0, 0, 0, 0, 0, 0, 0
DB 0, 0, 0, 0, 0, 0, 0, 0, 0, 0, 18, 8, 22, 22, 19, 15, 0, 0, 0, 0
DB 8, 23, 161, 161, 163, 138, 208, 0, 0, 0, 0, 0, 17, 17, 136, 138, 161, 22, 22, 20
DB 0, 0, 0, 0, 0, 19, 8, 19, 19, 0, 0, 0, 0, 0, 0, 0, 0, 0, 0, 0
DB 0, 0, 0, 0, 0, 0, 0, 0, 0, 0, 0, 0, 0, 0, 18, 8, 22, 22, 22, 23
DB 25, 25, 23, 23, 140, 140, 140, 140, 140, 140, 140, 140, 25, 25, 140, 24, 66, 25, 25, 66
DB 140, 66, 164, 164, 140, 140, 140, 140, 140, 140, 140, 24, 25, 25, 25, 23, 8, 8, 8, 20
DB 17, 0, 0, 0, 0, 0, 0, 0, 0, 0, 0, 0, 0, 0, 0, 0, 0, 0, 0, 0
DB 0, 0, 0, 0, 0, 18, 8, 22, 22, 19, 15, 0, 0, 0, 0, 8, 23, 161, 161, 163
DB 138, 208, 0, 0, 0, 0, 0, 113, 113, 137, 6, 161, 23, 23, 20, 209, 18, 17, 17, 17
DB 22, 22, 20, 20, 0, 0, 0, 0, 0, 0, 0, 0, 0, 0, 0, 0, 0, 0, 0, 0
DB 0, 0, 0, 0, 0, 0, 0, 0, 0, 19, 8, 22, 22, 22, 24, 25, 7, 24, 24, 164
DB 140, 140, 140, 140, 140, 140, 140, 70, 70, 164, 66, 70, 25, 25, 70, 140, 24, 140, 140, 140
DB 140, 140, 116, 116, 140, 23, 24, 7, 7, 25, 23, 22, 8, 8, 20, 18, 0, 0, 0, 0
DB 0, 0, 0, 0, 0, 0, 0, 0, 0, 0, 0, 0, 0, 0, 0, 0, 0, 0, 0, 0
DB 18, 20, 23, 23, 8, 15, 138, 162, 162, 161, 8, 23, 160, 160, 6, 6, 114, 0, 0, 0
DB 0, 0, 210, 210, 6, 137, 161, 23, 23, 235, 139, 162, 163, 163, 161, 23, 8, 20, 20, 208
DB 17, 0, 0, 0, 0, 0, 0, 0, 0, 0, 0, 0, 0, 0, 0, 0, 0, 0, 0, 0
DB 0, 0, 18, 18, 8, 8, 22, 23, 23, 24, 25, 25, 24, 24, 22, 8, 139, 140, 140, 140
DB 43, 164, 24, 24, 24, 24, 70, 65, 65, 164, 25, 140, 140, 140, 140, 116, 140, 8, 8, 8
DB 22, 24, 25, 25, 25, 23, 22, 8, 8, 8, 20, 17, 0, 0, 0, 0, 0, 0, 0, 0
DB 0, 0, 0, 0, 0, 0, 0, 0, 0, 0, 0, 0, 0, 0, 17, 18, 19, 23, 23, 23
DB 162, 24, 12, 12, 139, 235, 23, 161, 161, 137, 136, 136, 0, 0, 0, 0, 0, 233, 233, 137
DB 138, 23, 22, 22, 234, 161, 12, 162, 162, 23, 24, 20, 137, 137, 164, 24, 234, 233, 233, 18
DB 18, 17, 0, 0, 0, 0, 0, 0, 0, 0, 0, 0, 0, 0, 0, 0, 0, 18, 18, 8
DB 8, 22, 23, 23, 24, 25, 25, 24, 24, 22, 20, 20, 142, 142, 8, 168, 140, 43, 43, 45
DB 43, 24, 45, 45, 43, 70, 140, 140, 140, 140, 8, 236, 20, 20, 8, 22, 24, 25, 25, 25
DB 23, 22, 8, 8, 8, 20, 18, 0, 0, 0, 0, 0, 0, 0, 0, 0, 0, 0, 0, 0
DB 0, 0, 17, 17, 209, 232, 234, 234, 234, 24, 138, 20, 22, 22, 23, 161, 139, 164, 164, 138
DB 234, 22, 22, 22, 137, 137, 210, 0, 0, 0, 0, 0, 233, 233, 137, 138, 23, 22, 22, 234
DB 161, 12, 162, 162, 23, 24, 20, 137, 137, 164, 24, 234, 233, 233, 18, 18, 17, 0, 0, 0
DB 0, 0, 0, 0, 0, 0, 0, 0, 0, 0, 0, 0, 18, 18, 8, 8, 22, 23, 23, 24
DB 25, 25, 24, 24, 22, 20, 20, 142, 142, 8, 168, 140, 43, 43, 45, 43, 24, 45, 45, 43
DB 70, 140, 140, 140, 140, 8, 236, 20, 20, 8, 22, 24, 25, 25, 25, 23, 22, 8, 8, 8
DB 20, 18, 0, 0, 0, 0, 0, 0, 0, 0, 0, 0, 0, 0, 0, 0, 0, 17, 17, 209
DB 232, 234, 234, 234, 24, 138, 20, 22, 22, 23, 161, 139, 164, 164, 138, 234, 22, 22, 22, 137
DB 137, 210, 0, 0, 0, 0, 0, 19, 19, 20, 8, 23, 8, 8, 234, 139, 163, 161, 161, 23
DB 22, 19, 138, 138, 12, 24, 164, 24, 24, 24, 24, 24, 233, 233, 232, 209, 209, 18, 18, 0
DB 0, 0, 0, 0, 0, 0, 0, 19, 19, 8, 8, 22, 23, 23, 23, 24, 25, 24, 24, 22
DB 8, 20, 20, 20, 20, 20, 8, 151, 151, 23, 8, 8, 152, 152, 20, 23, 139, 8, 8, 20
DB 235, 20, 20, 20, 8, 22, 24, 25, 25, 24, 23, 8, 8, 8, 8, 20, 19, 0, 0, 0
DB 0, 0, 0, 0, 0, 0, 17, 18, 18, 209, 233, 236, 12, 12, 24, 24, 12, 140, 140, 12
DB 138, 234, 8, 8, 24, 23, 6, 162, 162, 138, 234, 8, 23, 23, 8, 20, 19, 0, 0, 0
DB 0, 0, 19, 19, 20, 8, 23, 19, 19, 231, 8, 161, 22, 22, 23, 8, 20, 137, 137, 163
DB 163, 24, 164, 164, 12, 140, 12, 164, 164, 64, 25, 24, 23, 23, 232, 233, 232, 209, 209, 18
DB 17, 18, 20, 20, 8, 8, 22, 23, 23, 23, 24, 24, 23, 23, 22, 20, 20, 20, 20, 20
DB 20, 20, 8, 8, 20, 20, 8, 8, 8, 19, 20, 20, 20, 20, 237, 20, 19, 19, 19, 8
DB 22, 23, 24, 24, 24, 23, 22, 8, 8, 20, 20, 20, 17, 17, 17, 17, 18, 18, 18, 209
DB 209, 138, 164, 164, 12, 25, 6, 164, 164, 140, 12, 164, 12, 12, 140, 138, 234, 20, 20, 23
DB 22, 158, 159, 159, 137, 19, 19, 22, 22, 8, 20, 19, 17, 17, 0, 0, 17, 19, 19, 20
DB 8, 8, 19, 19, 19, 20, 8, 22, 22, 22, 20, 19, 20, 20, 162, 164, 163, 24, 24, 164
DB 24, 164, 12, 12, 139, 6, 6, 138, 138, 137, 138, 64, 24, 24, 24, 24, 24, 164, 164, 163
DB 164, 22, 22, 22, 23, 24, 24, 23, 23, 8, 8, 20, 20, 20, 19, 20, 20, 20, 20, 19
DB 20, 8, 20, 20, 19, 19, 20, 20, 20, 19, 19, 20, 20, 20, 8, 22, 23, 24, 24, 23
DB 22, 22, 8, 8, 162, 163, 23, 24, 24, 24, 25, 24, 12, 12, 164, 137, 6, 138, 138, 6
DB 139, 6, 12, 12, 164, 140, 140, 164, 164, 162, 138, 20, 229, 229, 8, 22, 8, 20, 20, 20
DB 19, 19, 8, 8, 8, 235, 19, 17, 17, 0, 0, 17, 19, 19, 19, 8, 19, 18, 18, 19
DB 235, 20, 8, 8, 8, 20, 19, 20, 20, 161, 23, 162, 163, 163, 23, 163, 12, 140, 140, 6
DB 161, 6, 138, 138, 137, 6, 138, 6, 6, 6, 6, 64, 24, 24, 64, 24, 64, 24, 24, 24
DB 24, 23, 23, 23, 162, 8, 20, 20, 20, 20, 20, 20, 20, 20, 19, 19, 8, 20, 20, 19
DB 19, 20, 19, 19, 20, 19, 20, 20, 20, 8, 161, 23, 24, 24, 24, 24, 24, 64, 64, 24
DB 64, 164, 12, 12, 6, 6, 139, 6, 6, 138, 137, 137, 6, 6, 160, 12, 163, 163, 163, 12
DB 163, 162, 162, 162, 161, 160, 19, 19, 19, 20, 8, 20, 20, 20, 19, 18, 18, 20, 20, 20
DB 20, 19, 17, 17, 0, 0, 17, 19, 19, 19, 8, 19, 18, 18, 19, 235, 20, 8, 8, 8
DB 20, 19, 20, 20, 161, 23, 162, 163, 163, 23, 163, 12, 140, 140, 6, 161, 6, 138, 138, 137
DB 6, 138, 6, 6, 6, 6, 64, 24, 24, 64, 24, 64, 24, 24, 24, 24, 23, 23, 23, 162
DB 8, 20, 20, 20, 20, 20, 20, 20, 20, 19, 19, 8, 20, 20, 19, 19, 20, 19, 19, 20
DB 19, 20, 20, 20, 8, 161, 23, 24, 24, 24, 24, 24, 64, 64, 24, 64, 164, 12, 12, 6
DB 6, 139, 6, 6, 138, 137, 137, 6, 6, 160, 12, 163, 163, 163, 12, 163, 162, 162, 162, 161
DB 160, 19, 19, 19, 20, 8, 20, 20, 20, 19, 18, 18, 20, 20, 20, 20, 19, 17, 17, 0
DB 0, 17, 19, 19, 235, 8, 19, 18, 18, 19, 19, 20, 8, 8, 20, 19, 19, 20, 20, 8
DB 161, 22, 157, 157, 162, 164, 23, 23, 23, 24, 163, 12, 138, 138, 160, 6, 161, 6, 6, 161
DB 161, 164, 12, 12, 140, 24, 164, 12, 12, 24, 12, 24, 64, 64, 24, 24, 23, 23, 23, 161
DB 8, 20, 20, 20, 19, 19, 8, 20, 20, 19, 19, 20, 20, 20, 160, 162, 163, 23, 23, 24
DB 24, 64, 24, 24, 64, 164, 12, 164, 164, 12, 164, 12, 164, 164, 64, 161, 6, 161, 161, 139
DB 137, 160, 160, 160, 162, 163, 163, 163, 163, 22, 162, 158, 159, 159, 8, 20, 19, 19, 19, 20
DB 20, 20, 20, 20, 19, 19, 18, 19, 19, 20, 20, 19, 18, 18, 0, 0, 17, 210, 210, 20
DB 20, 19, 18, 18, 19, 19, 20, 8, 8, 20, 19, 19, 20, 20, 8, 8, 8, 161, 161, 22
DB 22, 22, 158, 158, 162, 163, 23, 8, 8, 137, 161, 164, 12, 12, 164, 12, 24, 164, 164, 12
DB 164, 12, 24, 24, 12, 164, 12, 24, 24, 164, 12, 24, 24, 24, 24, 24, 24, 163, 163, 234
DB 19, 20, 20, 20, 19, 235, 163, 24, 24, 24, 64, 24, 64, 64, 164, 12, 164, 12, 12, 140
DB 12, 164, 64, 64, 164, 164, 164, 12, 12, 163, 139, 12, 162, 162, 162, 137, 8, 161, 161, 162
DB 161, 22, 22, 22, 8, 8, 8, 8, 8, 8, 20, 19, 19, 19, 19, 20, 20, 20, 20, 19
DB 19, 18, 19, 19, 20, 236, 136, 186, 186, 0, 0, 185, 114, 114, 136, 20, 18, 18, 18, 233
DB 19, 20, 20, 20, 20, 19, 19, 20, 20, 20, 8, 8, 8, 8, 8, 8, 22, 22, 22, 22
DB 22, 22, 8, 8, 20, 22, 23, 23, 23, 23, 164, 164, 12, 12, 164, 24, 164, 164, 164, 164
DB 65, 164, 12, 12, 164, 64, 164, 24, 24, 24, 24, 24, 24, 24, 137, 19, 20, 20, 20, 19
DB 137, 12, 140, 140, 6, 164, 12, 140, 140, 12, 164, 24, 140, 140, 12, 164, 164, 140, 140, 12
DB 164, 12, 164, 164, 164, 163, 23, 162, 162, 162, 20, 8, 8, 8, 8, 8, 8, 8, 8, 8
DB 8, 8, 20, 20, 20, 20, 19, 19, 19, 19, 20, 20, 19, 19, 235, 19, 18, 18, 18, 20
DB 137, 114, 208, 208, 0, 0, 185, 114, 114, 136, 20, 18, 18, 18, 233, 19, 20, 20, 20, 20
DB 19, 19, 20, 20, 20, 8, 8, 8, 8, 8, 8, 22, 22, 22, 22, 22, 22, 8, 8, 20
DB 22, 23, 23, 23, 23, 164, 164, 12, 12, 164, 24, 164, 164, 164, 164, 65, 164, 12, 12, 164
DB 64, 164, 24, 24, 24, 24, 24, 24, 24, 137, 19, 20, 20, 20, 19, 137, 12, 140, 140, 6
DB 164, 12, 140, 140, 12, 164, 24, 140, 140, 12, 164, 164, 140, 140, 12, 164, 12, 164, 164, 164
DB 163, 23, 162, 162, 162, 20, 8, 8, 8, 8, 8, 8, 8, 8, 8, 8, 8, 20, 20, 20
DB 20, 19, 19, 19, 19, 20, 20, 19, 19, 235, 19, 18, 18, 18, 20, 137, 114, 208, 208, 0
DB 0, 17, 209, 209, 136, 236, 232, 209, 209, 136, 235, 20, 20, 20, 19, 19, 19, 20, 20, 20
DB 8, 8, 8, 8, 8, 8, 8, 8, 8, 22, 22, 8, 8, 8, 20, 159, 22, 23, 23, 163
DB 23, 23, 23, 23, 24, 164, 12, 24, 24, 12, 140, 24, 140, 140, 12, 164, 12, 140, 140, 12
DB 164, 163, 138, 138, 136, 19, 20, 20, 20, 18, 236, 139, 6, 6, 12, 164, 164, 12, 12, 164
DB 24, 12, 164, 164, 164, 12, 164, 164, 164, 164, 23, 164, 23, 23, 163, 158, 22, 22, 22, 8
DB 20, 20, 8, 8, 8, 8, 8, 8, 8, 8, 8, 20, 8, 8, 20, 20, 19, 19, 19, 19
DB 20, 20, 234, 234, 136, 211, 209, 232, 232, 235, 137, 114, 209, 209, 0, 0, 0, 186, 186, 136
DB 114, 136, 114, 114, 114, 136, 235, 20, 20, 19, 19, 19, 20, 20, 8, 20, 8, 8, 8, 8
DB 8, 8, 8, 8, 8, 8, 8, 20, 20, 20, 8, 161, 22, 22, 22, 162, 23, 23, 23, 164
DB 23, 23, 164, 164, 23, 23, 12, 164, 164, 24, 164, 164, 24, 24, 23, 24, 163, 162, 162, 233
DB 19, 20, 235, 235, 19, 229, 6, 138, 138, 140, 12, 164, 164, 164, 12, 164, 164, 23, 23, 23
DB 23, 23, 23, 23, 164, 22, 22, 161, 161, 22, 22, 8, 8, 8, 8, 20, 20, 8, 8, 8
DB 8, 8, 8, 8, 8, 20, 8, 20, 20, 8, 20, 19, 18, 18, 19, 19, 235, 136, 136, 114
DB 136, 114, 136, 136, 114, 136, 136, 17, 17, 0, 0, 0, 0, 0, 18, 210, 210, 114, 114, 136
DB 114, 136, 136, 136, 210, 210, 136, 20, 20, 20, 20, 8, 8, 8, 8, 8, 8, 8, 8, 8
DB 8, 8, 20, 20, 20, 8, 8, 8, 8, 22, 22, 22, 162, 162, 23, 23, 164, 23, 23, 23
DB 23, 23, 164, 164, 24, 164, 24, 164, 164, 23, 163, 162, 164, 164, 19, 19, 20, 19, 19, 19
DB 234, 161, 12, 12, 162, 163, 163, 164, 164, 23, 164, 23, 164, 164, 163, 22, 162, 161, 161, 158
DB 22, 8, 8, 8, 8, 8, 8, 8, 8, 8, 20, 20, 8, 8, 8, 8, 8, 20, 20, 8
DB 20, 8, 20, 20, 20, 20, 137, 136, 136, 210, 234, 136, 114, 114, 136, 114, 136, 210, 210, 210
DB 209, 0, 0, 0, 0, 0, 0, 0, 0, 0, 18, 232, 232, 232, 136, 114, 136, 114, 114, 114
DB 136, 114, 137, 137, 20, 138, 8, 8, 8, 8, 8, 8, 8, 8, 8, 8, 8, 20, 20, 8
DB 8, 8, 8, 8, 8, 8, 8, 22, 22, 8, 22, 22, 22, 22, 22, 163, 22, 23, 23, 162
DB 23, 162, 23, 23, 23, 23, 23, 159, 159, 233, 19, 20, 20, 20, 18, 233, 138, 162, 162, 22
DB 162, 23, 158, 158, 22, 22, 22, 158, 158, 22, 161, 8, 8, 8, 8, 8, 8, 8, 8, 8
DB 8, 8, 8, 8, 8, 20, 20, 20, 20, 8, 20, 8, 8, 8, 20, 8, 20, 137, 137, 137
DB 114, 136, 114, 114, 114, 136, 114, 136, 136, 114, 136, 210, 210, 210, 231, 17, 0, 0, 0, 0
DB 0, 0, 0, 0, 0, 18, 232, 232, 232, 136, 114, 136, 114, 114, 114, 136, 114, 137, 137, 20
DB 138, 8, 8, 8, 8, 8, 8, 8, 8, 8, 8, 8, 20, 20, 8, 8, 8, 8, 8, 8
DB 8, 8, 22, 22, 8, 22, 22, 22, 22, 22, 163, 22, 23, 23, 162, 23, 162, 23, 23, 23
DB 23, 23, 159, 159, 233, 19, 20, 20, 20, 18, 233, 138, 162, 162, 22, 162, 23, 158, 158, 22
DB 22, 22, 158, 158, 22, 161, 8, 8, 8, 8, 8, 8, 8, 8, 8, 8, 8, 8, 8, 8
DB 20, 20, 20, 20, 8, 20, 8, 8, 8, 20, 8, 20, 137, 137, 137, 114, 136, 114, 114, 114
DB 136, 114, 136, 136, 114, 136, 210, 210, 210, 231, 17, 0, 0, 0, 0, 0, 0, 0, 0, 0
DB 17, 0, 0, 0, 0, 208, 210, 136, 136, 114, 136, 136, 137, 137, 137, 137, 137, 137, 137, 137
DB 137, 8, 8, 8, 8, 8, 8, 20, 20, 20, 8, 8, 8, 8, 8, 8, 8, 8, 8, 8
DB 8, 8, 22, 22, 22, 22, 22, 22, 22, 22, 162, 22, 162, 162, 158, 163, 158, 22, 22, 19
DB 18, 20, 19, 19, 18, 19, 8, 22, 22, 162, 159, 22, 22, 22, 161, 8, 8, 8, 8, 8
DB 8, 8, 8, 8, 8, 8, 8, 8, 8, 8, 8, 8, 8, 8, 20, 20, 20, 20, 20, 8
DB 8, 20, 160, 160, 137, 137, 6, 137, 137, 6, 137, 6, 136, 136, 114, 136, 136, 210, 210, 209
DB 0, 0, 0, 0, 18, 0, 0, 0, 0, 0, 0, 0, 0, 0, 0, 0, 0, 0, 0, 0
DB 0, 17, 18, 18, 208, 209, 114, 114, 114, 137, 137, 6, 137, 137, 6, 137, 137, 137, 137, 161
DB 8, 8, 20, 20, 20, 8, 8, 8, 8, 8, 8, 8, 8, 8, 8, 8, 8, 8, 8, 8
DB 8, 8, 22, 22, 8, 22, 159, 22, 22, 22, 22, 22, 8, 8, 18, 19, 19, 20, 20, 18
DB 18, 8, 8, 8, 8, 8, 8, 8, 8, 8, 8, 8, 8, 8, 8, 8, 8, 8, 8, 8
DB 8, 8, 8, 8, 8, 8, 8, 8, 8, 8, 20, 20, 20, 20, 137, 161, 138, 114, 114, 137
DB 6, 136, 6, 6, 136, 114, 136, 114, 114, 136, 210, 210, 17, 17, 0, 0, 0, 0, 0, 0
DB 0, 0, 0, 0, 0, 0, 0, 0, 0, 0, 0, 0, 0, 0, 0, 0, 0, 17, 17, 0
DB 0, 17, 209, 209, 136, 114, 136, 6, 6, 137, 137, 6, 6, 6, 12, 138, 137, 235, 235, 8
DB 8, 8, 8, 8, 8, 8, 8, 8, 8, 8, 8, 8, 8, 8, 8, 8, 8, 8, 8, 8
DB 8, 8, 8, 8, 8, 8, 8, 8, 8, 18, 19, 20, 19, 19, 18, 19, 20, 8, 8, 8
DB 8, 8, 8, 8, 8, 8, 8, 8, 8, 8, 8, 8, 8, 8, 8, 8, 8, 8, 8, 8
DB 8, 20, 8, 8, 20, 20, 235, 137, 137, 138, 24, 6, 6, 6, 6, 136, 6, 136, 136, 114
DB 136, 136, 209, 209, 17, 18, 19, 0, 0, 0, 0, 0, 0, 0, 0, 0, 0, 0, 0, 0
DB 0, 0, 0, 0, 0, 0, 0, 0, 0, 0, 0, 0, 17, 17, 0, 0, 17, 209, 209, 136
DB 114, 136, 6, 6, 137, 137, 6, 6, 6, 12, 138, 137, 235, 235, 8, 8, 8, 8, 8, 8
DB 8, 8, 8, 8, 8, 8, 8, 8, 8, 8, 8, 8, 8, 8, 8, 8, 8, 8, 8, 8
DB 8, 8, 8, 8, 18, 19, 20, 19, 19, 18, 19, 20, 8, 8, 8, 8, 8, 8, 8, 8
DB 8, 8, 8, 8, 8, 8, 8, 8, 8, 8, 8, 8, 8, 8, 8, 8, 20, 8, 8, 20
DB 20, 235, 137, 137, 138, 24, 6, 6, 6, 6, 136, 6, 136, 136, 114, 136, 136, 209, 209, 17
DB 18, 19, 0, 0, 0, 0, 0, 0, 0, 0, 0, 0, 0, 0, 0, 0, 0, 0, 0, 0
DB 0, 0, 0, 0, 0, 0, 0, 0, 0, 0, 0, 0, 17, 17, 209, 233, 136, 136, 136, 136
DB 6, 136, 137, 137, 138, 137, 138, 136, 136, 137, 137, 161, 161, 161, 8, 8, 8, 8, 8, 8
DB 8, 8, 8, 8, 8, 8, 8, 8, 8, 8, 8, 8, 8, 8, 8, 8, 8, 20, 20, 19
DB 18, 19, 19, 19, 19, 18, 20, 8, 8, 20, 8, 8, 8, 8, 8, 8, 8, 8, 8, 8
DB 8, 8, 8, 8, 8, 8, 20, 8, 8, 8, 20, 161, 138, 138, 137, 137, 136, 114, 114, 6
DB 6, 136, 136, 136, 136, 114, 136, 136, 136, 210, 210, 187, 0, 0, 0, 0, 0, 0, 0, 0
DB 0, 0, 0, 0, 0, 0, 0, 0, 0, 0, 0, 0, 0, 0, 0, 0, 0, 0, 0, 0
DB 0, 0, 0, 0, 0, 0, 0, 17, 17, 186, 18, 209, 187, 187, 233, 136, 114, 137, 137, 6
DB 137, 137, 235, 235, 137, 138, 164, 164, 164, 138, 138, 160, 8, 8, 8, 8, 8, 8, 8, 8
DB 8, 8, 8, 8, 8, 8, 8, 8, 8, 8, 8, 8, 20, 20, 18, 19, 235, 19, 19, 18
DB 18, 20, 20, 20, 8, 20, 8, 20, 20, 8, 8, 8, 8, 8, 8, 8, 8, 20, 20, 8
DB 8, 8, 20, 20, 137, 138, 164, 12, 12, 115, 137, 136, 137, 137, 136, 6, 136, 6, 6, 136
DB 233, 209, 209, 209, 209, 114, 209, 0, 0, 0, 0, 0, 0, 0, 0, 0, 0, 0, 0, 0
DB 0, 0, 0, 0, 0, 0, 0, 0, 0, 0, 0, 0, 0, 0, 0, 0, 0, 0, 0, 0
DB 0, 0, 17, 17, 186, 18, 114, 114, 114, 209, 209, 233, 210, 210, 136, 137, 114, 136, 136, 137
DB 137, 6, 6, 6, 6, 137, 6, 137, 137, 138, 8, 160, 8, 8, 8, 8, 8, 8, 8, 8
DB 8, 8, 8, 8, 8, 8, 8, 8, 8, 18, 19, 19, 19, 19, 18, 18, 20, 8, 8, 20
DB 8, 8, 8, 8, 8, 8, 20, 8, 8, 20, 8, 8, 8, 8, 8, 137, 137, 137, 137, 137
DB 137, 6, 137, 137, 6, 114, 210, 6, 6, 136, 136, 136, 209, 209, 209, 208, 114, 114, 114, 18
DB 136, 114, 0, 0, 0, 0, 0, 0, 0, 0, 0, 0, 0, 0, 0, 0, 0, 0, 0, 0
DB 0, 0, 0, 0, 0, 0, 0, 0, 0, 0, 0, 0, 0, 0, 0, 0, 0, 186, 186, 113
DB 208, 233, 232, 232, 224, 18, 19, 232, 232, 210, 210, 136, 210, 210, 137, 136, 6, 137, 137, 136
DB 6, 137, 6, 6, 137, 138, 137, 138, 138, 160, 8, 8, 8, 8, 8, 8, 8, 8, 8, 8
DB 8, 8, 20, 20, 18, 18, 19, 19, 19, 18, 18, 20, 20, 20, 20, 8, 20, 8, 8, 8
DB 20, 8, 8, 8, 8, 8, 137, 137, 137, 137, 137, 6, 137, 137, 137, 6, 137, 6, 6, 136
DB 136, 233, 233, 233, 210, 209, 18, 232, 232, 18, 18, 210, 233, 233, 207, 114, 114, 0, 0, 0
DB 0, 0, 0, 0, 0, 0, 0, 0, 0, 0, 0, 0, 0, 0, 0, 0, 0, 0, 0, 0
DB 0, 0, 0, 0, 0, 0, 0, 0, 0, 0, 0, 0, 186, 186, 113, 208, 233, 232, 232, 224
DB 18, 19, 232, 232, 210, 210, 136, 210, 210, 137, 136, 6, 137, 137, 136, 6, 137, 6, 6, 137
DB 138, 137, 138, 138, 160, 8, 8, 8, 8, 8, 8, 8, 8, 8, 8, 8, 8, 20, 20, 18
DB 18, 19, 19, 19, 18, 18, 20, 20, 20, 20, 8, 20, 8, 8, 8, 20, 8, 8, 8, 8
DB 8, 137, 137, 137, 137, 137, 6, 137, 137, 137, 6, 137, 6, 6, 136, 136, 233, 233, 233, 210
DB 209, 18, 232, 232, 18, 18, 210, 233, 233, 207, 114, 114, 0, 0, 0, 0, 0, 0, 0, 0
DB 0, 0, 0, 0, 0, 0, 0, 0, 0, 0, 0, 0, 0, 0, 0, 0, 0, 0, 0, 0
DB 0, 0, 0, 0, 0, 0, 0, 209, 209, 114, 232, 19, 233, 233, 19, 19, 19, 19, 19, 19
DB 19, 209, 18, 18, 210, 136, 136, 136, 136, 6, 136, 137, 137, 137, 6, 137, 6, 137, 137, 138
DB 8, 160, 8, 8, 8, 8, 8, 8, 8, 8, 8, 8, 20, 20, 19, 18, 235, 19, 19, 18
DB 19, 20, 8, 8, 8, 8, 20, 8, 8, 20, 160, 137, 137, 137, 6, 137, 8, 137, 137, 138
DB 137, 137, 137, 137, 137, 136, 136, 136, 136, 136, 210, 209, 232, 232, 232, 19, 19, 19, 19, 19
DB 19, 19, 232, 232, 210, 136, 114, 0, 0, 0, 0, 0, 0, 0, 0, 0, 0, 0, 0, 0
DB 0, 0, 0, 0, 0, 0, 0, 0, 0, 0, 0, 0, 0, 0, 0, 0, 0, 0, 0, 0
DB 0, 0, 209, 209, 232, 19, 19, 20, 20, 19, 19, 19, 18, 18, 19, 18, 17, 18, 18, 18
DB 209, 210, 234, 234, 136, 136, 114, 136, 136, 136, 6, 137, 6, 6, 137, 137, 138, 138, 138, 137
DB 137, 138, 160, 160, 20, 8, 8, 20, 20, 18, 18, 19, 18, 18, 18, 18, 20, 20, 20, 8
DB 20, 138, 137, 137, 137, 6, 137, 6, 6, 136, 6, 137, 137, 137, 137, 20, 234, 136, 136, 114
DB 136, 211, 210, 210, 209, 18, 18, 18, 18, 18, 19, 19, 19, 19, 19, 20, 20, 19, 19, 19
DB 233, 114, 0, 0, 0, 0, 0, 0, 0, 0, 0, 0, 0, 0, 0, 0, 0, 0, 0, 0
DB 0, 0, 0, 0, 0, 0, 0, 0, 0, 0, 0, 0, 0, 0, 0, 0, 0, 17, 17, 209
DB 19, 19, 19, 19, 18, 18, 18, 209, 209, 210, 210, 114, 210, 210, 210, 209, 208, 18, 18, 209
DB 210, 136, 211, 211, 136, 136, 6, 136, 136, 6, 137, 137, 137, 137, 6, 137, 6, 137, 137, 137
DB 137, 138, 8, 8, 233, 18, 18, 18, 18, 17, 233, 8, 137, 137, 137, 137, 6, 137, 137, 6
DB 136, 6, 136, 136, 6, 136, 6, 137, 137, 137, 235, 234, 234, 234, 210, 209, 208, 18, 18, 209
DB 210, 209, 210, 210, 210, 210, 208, 18, 18, 18, 18, 19, 20, 20, 20, 232, 17, 0, 0, 0
DB 0, 0, 0, 0, 0, 0, 0, 0, 0, 0, 0, 0, 0, 0, 0, 0, 0, 0, 0, 0
DB 0, 0, 0, 0, 0, 0, 0, 0, 0, 0, 0, 0, 17, 17, 209, 19, 19, 19, 19, 18
DB 18, 18, 209, 209, 210, 210, 114, 210, 210, 210, 209, 208, 18, 18, 209, 210, 136, 211, 211, 136
DB 136, 6, 136, 136, 6, 137, 137, 137, 137, 6, 137, 6, 137, 137, 137, 137, 138, 8, 8, 233
DB 18, 18, 18, 18, 17, 233, 8, 137, 137, 137, 137, 6, 137, 137, 6, 136, 6, 136, 136, 6
DB 136, 6, 137, 137, 137, 235, 234, 234, 234, 210, 209, 208, 18, 18, 209, 210, 209, 210, 210, 210
DB 210, 208, 18, 18, 18, 18, 19, 20, 20, 20, 232, 17, 0, 0, 0, 0, 0, 0, 0, 0
DB 0, 0, 0, 0, 0, 0, 0, 0, 0, 0, 0, 0, 0, 0, 0, 0, 0, 0, 0, 0
DB 0, 0, 0, 0, 0, 0, 0, 0, 0, 17, 18, 19, 17, 17, 18, 18, 136, 114, 114, 137
DB 136, 114, 136, 136, 114, 114, 210, 209, 209, 17, 18, 18, 210, 210, 210, 136, 136, 114, 114, 136
DB 137, 137, 137, 137, 137, 137, 6, 137, 137, 6, 137, 6, 139, 139, 137, 209, 18, 18, 18, 210
DB 137, 163, 138, 138, 6, 6, 136, 6, 6, 136, 6, 136, 6, 6, 136, 114, 136, 136, 136, 210
DB 233, 234, 18, 18, 18, 17, 209, 114, 114, 114, 114, 136, 114, 114, 114, 136, 114, 210, 210, 18
DB 18, 17, 19, 19, 19, 17, 0, 0, 0, 0, 0, 0, 0, 0, 0, 0, 0, 0, 0, 0
DB 0, 0, 0, 0, 0, 0, 0, 0, 0, 0, 0, 0, 0, 0, 0, 0, 0, 0, 0, 0
DB 0, 0, 0, 0, 0, 0, 18, 18, 18, 17, 18, 114, 114, 114, 136, 114, 136, 114, 114, 114
DB 208, 113, 18, 18, 17, 18, 18, 235, 235, 232, 211, 210, 136, 136, 136, 114, 136, 114, 114, 137
DB 6, 136, 6, 6, 137, 6, 137, 12, 12, 139, 137, 114, 233, 233, 137, 6, 12, 6, 6, 136
DB 136, 6, 136, 136, 6, 136, 6, 136, 136, 136, 136, 210, 210, 210, 210, 210, 19, 19, 19, 17
DB 18, 209, 136, 136, 114, 136, 114, 136, 136, 6, 136, 114, 136, 136, 18, 17, 18, 18, 18, 17
DB 0, 0, 0, 0, 0, 0, 0, 0, 0, 0, 0, 0, 0, 0, 0, 0, 0, 0, 0, 0
DB 0, 0, 0, 0, 0, 0, 0, 0, 0, 0, 0, 0, 0, 0, 0, 0, 0, 0, 0, 0
DB 0, 0, 17, 17, 19, 18, 232, 114, 114, 136, 114, 136, 113, 113, 208, 186, 18, 17, 17, 17
DB 17, 17, 0, 0, 0, 114, 136, 210, 210, 209, 233, 211, 136, 136, 136, 136, 136, 136, 136, 6
DB 136, 6, 137, 137, 6, 136, 136, 114, 114, 136, 138, 138, 6, 6, 6, 136, 136, 136, 136, 136
DB 114, 231, 210, 210, 209, 18, 209, 114, 114, 208, 0, 0, 17, 17, 18, 18, 17, 209, 209, 114
DB 136, 114, 136, 136, 114, 114, 136, 209, 209, 18, 18, 18, 0, 0, 0, 0, 0, 0, 0, 0
DB 0, 0, 0, 0, 0, 0, 0, 0, 0, 0, 0, 0, 0, 0, 0, 0, 0, 0, 0, 0
DB 0, 0, 0, 0, 0, 0, 0, 0, 0, 0, 0, 0, 0, 0, 0, 0, 0, 17, 17, 19
DB 18, 232, 114, 114, 136, 114, 136, 113, 113, 208, 186, 18, 17, 17, 17, 17, 17, 0, 0, 0
DB 114, 136, 210, 210, 209, 233, 211, 136, 136, 136, 136, 136, 136, 136, 6, 136, 6, 137, 137, 6
DB 136, 136, 114, 114, 136, 138, 138, 6, 6, 6, 136, 136, 136, 136, 136, 114, 231, 210, 210, 209
DB 18, 209, 114, 114, 208, 0, 0, 17, 17, 18, 18, 17, 209, 209, 114, 136, 114, 136, 136, 114
DB 114, 136, 209, 209, 18, 18, 18, 0, 0, 0, 0, 0, 0, 0, 0, 0, 0, 0, 0, 0
DB 0, 0, 0, 0, 0, 0, 0, 0, 0, 0, 0, 0, 0, 0, 0, 0, 0, 0, 0, 0
DB 0, 0, 0, 0, 0, 0, 0, 0, 0, 0, 0, 0, 0, 0, 0, 0, 17, 208, 208, 114
DB 209, 186, 17, 17, 17, 0, 0, 0, 0, 0, 0, 0, 0, 0, 0, 0, 17, 208, 208, 18
DB 18, 18, 209, 209, 210, 210, 114, 136, 136, 136, 136, 136, 6, 6, 137, 114, 211, 136, 136, 136
DB 6, 6, 136, 136, 136, 114, 136, 210, 210, 210, 232, 209, 18, 18, 18, 17, 17, 0, 0, 0
DB 0, 0, 0, 0, 0, 0, 17, 17, 17, 209, 113, 209, 186, 186, 136, 209, 186, 17, 17, 0
DB 0, 0, 0, 0, 0, 0, 0, 0, 0, 0, 0, 0, 0, 0, 0, 0, 0, 0, 0, 0
DB 0, 0, 0, 0, 0, 0, 0, 0, 0, 0, 0, 0, 0, 0, 0, 0, 0, 0, 0, 0
DB 0, 0, 0, 0, 0, 0, 0, 0, 0, 0, 0, 0, 0, 0, 0, 0, 0, 0, 0, 0
DB 0, 0, 0, 0, 0, 0, 0, 0, 0, 0, 0, 0, 0, 0, 18, 18, 19, 18, 18, 17
DB 17, 18, 210, 210, 210, 136, 114, 136, 136, 136, 114, 136, 136, 136, 114, 136, 136, 136, 136, 210
DB 232, 209, 18, 18, 17, 17, 18, 18, 18, 17, 17, 0, 0, 0, 0, 0, 0, 0, 0, 0
DB 0, 0, 0, 0, 0, 0, 17, 17, 17, 0, 0, 0, 0, 0, 0, 0, 0, 0, 0, 0
DB 0, 0, 0, 0, 0, 0, 0, 0, 0, 0, 0, 0, 0, 0, 0, 0, 0, 0, 0, 0
DB 0, 0, 0, 0, 0, 0, 0, 0, 0, 0, 0, 0, 0, 0, 0, 0, 0, 0, 0, 0
DB 0, 0, 0, 0, 0, 0, 0, 0, 0, 0, 0, 0, 0, 0, 0, 0, 0, 0, 0, 0
DB 0, 0, 0, 0, 0, 0, 0, 0, 0, 0, 17, 17, 17, 17, 0, 0, 0, 0, 0, 17
DB 18, 233, 210, 210, 136, 136, 210, 210, 210, 136, 210, 209, 209, 209, 17, 17, 0, 0, 0, 0
DB 0, 17, 17, 17, 0, 0, 0, 0, 0, 0, 0, 0, 0, 0, 0, 0, 0, 0, 0, 0
DB 0, 0, 0, 0, 0, 0, 0, 0, 0, 0, 0, 0, 0, 0, 0, 0, 0, 0, 0, 0
DB 0, 0, 0, 0, 0, 0, 0, 0, 0, 0, 0, 0, 0, 0, 0, 0, 0, 0, 0, 0
DB 0, 0, 0, 0, 0, 0, 0, 0, 0, 0, 0, 0, 0, 0, 0, 0, 0, 0, 0, 0
DB 0, 0, 0, 0, 0, 0, 0, 0, 0, 0, 0, 0, 0, 0, 0, 0, 0, 0, 0, 0
DB 0, 0, 0, 0, 0, 0, 0, 0, 0, 0, 0, 0, 0, 0, 0, 0, 0, 17, 17, 17
DB 208, 18, 18, 18, 18, 17, 0, 0, 0, 0, 0, 0, 0, 0, 0, 0, 0, 0, 0, 0
DB 0, 0, 0, 0, 0, 0, 0, 0, 0, 0, 0, 0, 0, 0, 0, 0, 0, 0, 0, 0
DB 0, 0, 0, 0, 0, 0, 0, 0, 0, 0, 0, 0, 0, 0, 0, 0, 0, 0, 0, 0
DB 0, 0, 0, 0, 0, 0, 0, 0, 0, 0, 0, 0, 0, 0, 0, 0, 0, 0, 0, 0
DB 0, 0, 0, 0, 0, 0, 0, 0, 0, 0, 0, 0, 0, 0, 0, 0, 0, 0, 0, 0
DB 0, 0, 0, 0, 0, 0, 0, 0, 0, 0, 0, 0, 0, 0, 0, 0, 0, 0, 0, 0
DB 0, 0, 0, 0, 0, 0, 0, 0, 0, 0, 0, 0, 17, 17, 17, 208, 18, 18, 18, 18
DB 17, 0, 0, 0, 0, 0, 0, 0, 0, 0, 0, 0, 0, 0, 0, 0, 0, 0, 0, 0
DB 0, 0, 0, 0, 0, 0, 0, 0, 0, 0, 0, 0, 0, 0, 0, 0, 0, 0, 0, 0
DB 0, 0, 0, 0, 0, 0, 0, 0, 0, 0, 0, 0, 0, 0, 0, 0, 0, 0, 0, 0
DB 0, 0, 0, 0, 0, 0, 0, 0, 0, 0, 0, 0, 0, 0, 0, 0, 0, 0, 0, 0
DB 0, 0, 0, 0, 0, 0, 0, 0, 0, 0, 0, 0, 0, 0, 0, 0, 0, 0, 0, 0
DB 0, 0, 0, 0, 0, 0, 0, 0, 0, 0, 0, 0, 0, 0, 0, 0, 0, 0, 0, 0
DB 0, 0, 0, 0, 0, 0, 0, 0, 0, 0, 0, 0, 0, 0, 0, 0, 0, 0, 0, 0
DB 0, 0, 0, 0, 0, 0, 0, 0, 0, 0, 0, 0, 0, 0, 0, 0, 0, 0, 0, 0
DB 0, 0, 0, 0, 0, 0, 0, 0, 0, 0, 0, 0, 0, 0, 0, 0, 0, 0, 0, 0
DB 0, 0, 0, 0, 0, 0, 0, 0, 0, 0, 0, 0, 0, 0, 0, 0, 0, 0, 0, 0